Date,Open,High,Low,Close,Volume
2021-01-25 19:00:00-05:00,23.626747848059004,23.69947052001953,23.60654744833479,23.69947052001953,800
2021-01-26 19:00:00-05:00,23.6671470293527,23.67522595521056,23.02961158752441,23.02961158752441,4100
2021-01-27 19:00:00-05:00,23.158088748894365,23.36009580465317,23.158088748894365,23.26151657104492,1400
2021-01-28 19:00:00-05:00,22.875276580201508,22.875276580201508,22.62478828430176,22.62478828430176,1600
2021-01-31 19:00:00-05:00,22.83487650244909,22.947999954223636,22.826796035723564,22.947999954223636,1900
2021-02-01 19:00:00-05:00,23.085362951067765,23.254240530843685,23.085362951067765,23.23080825805664,7900
2021-02-02 19:00:00-05:00,23.331818675705584,23.331818675705584,23.31888961791992,23.31888961791992,400
2021-02-03 19:00:00-05:00,23.352015510549982,23.368176445016427,23.29545378110896,23.360095977783203,57200
2021-02-04 19:00:00-05:00,23.505539423293417,23.57826208137731,23.45705816496796,23.57179832458496,37700
2021-02-07 19:00:00-05:00,23.73986890961385,23.80370352251116,23.65987490329256,23.722900390625,5300
2021-02-08 19:00:00-05:00,23.66714748553784,23.788351411231417,23.62674514951229,23.718860626220703,4900
2021-02-09 19:00:00-05:00,23.62674660703619,23.751991544654395,23.594426277413454,23.668764114379883,9000
2021-02-10 19:00:00-05:00,23.85380083880314,23.85380083880314,23.78835105895996,23.78835105895996,800
2021-02-11 19:00:00-05:00,23.708357300486952,23.829561233520508,23.69946924838054,23.829561233520508,5200
2021-02-15 19:00:00-05:00,23.966116708437838,24.15196282780672,23.966116708437838,24.05500030517578,8400
2021-02-16 19:00:00-05:00,23.85299227435642,23.94106674194336,23.835214631022293,23.94106674194336,1500
2021-02-17 19:00:00-05:00,23.98631953129749,24.03560992314021,23.869156599702343,24.012985229492188,2000
2021-02-18 19:00:00-05:00,24.051769804491304,24.051769804491304,23.933797752443837,23.991167068481445,1100
2021-02-21 19:00:00-05:00,24.014598632034154,24.21660569114303,24.014598632034154,24.095401763916016,44200
2021-02-22 19:00:00-05:00,24.216605374527678,24.323265075683597,24.216605374527678,24.323265075683597,1300
2021-02-23 19:00:00-05:00,24.418612613247323,24.53981808098585,24.418612613247323,24.52769660949707,17600
2021-02-24 19:00:00-05:00,24.58829902082826,24.58829902082826,23.974197387695312,23.974197387695312,2700
2021-02-25 19:00:00-05:00,23.998437593450948,23.998437593450948,23.36817505740856,23.513620376586918,2200
2021-02-28 19:00:00-05:00,23.84491379858361,24.160044322322666,23.84491379858361,24.060657501220703,3700
2021-03-01 19:00:00-05:00,23.8933944497193,23.990358515180645,23.88127451948346,23.98308563232422,3800
2021-03-02 19:00:00-05:00,24.038839463737105,24.063080865084103,23.873193740844727,23.873193740844727,2200
2021-03-03 19:00:00-05:00,24.03075839021074,24.14792284864401,23.618663824859947,23.705930709838867,1900
2021-03-04 19:00:00-05:00,23.53220863543921,23.901478177743723,23.465951261093583,23.86673355102539,2100
2021-03-07 19:00:00-05:00,23.76411272385203,23.85299633206861,23.69947052001953,23.69947052001953,2000
2021-03-08 19:00:00-05:00,23.75602870794678,23.92571543091053,23.75602870794678,23.917634963989254,4400
2021-03-09 19:00:00-05:00,23.79239367005893,23.86915734693213,23.68492637186651,23.784313201904297,10600
2021-03-10 19:00:00-05:00,23.93379700620781,23.949956399607224,23.84572099152118,23.93702888488769,4000
2021-03-11 19:00:00-05:00,23.76411046496488,23.87481117248535,23.76411046496488,23.87481117248535,3200
2021-03-14 20:00:00-04:00,23.796431733837693,23.974197387695312,23.76249469649737,23.974197387695312,2000
2021-03-15 20:00:00-04:00,23.953189380810944,23.994399303557245,23.921676635742188,23.921676635742188,400
2021-03-16 20:00:00-04:00,23.81259362287739,24.055003039391245,23.788353760060183,24.017024993896484,5000
2021-03-17 20:00:00-04:00,23.804508925727337,23.84814313695288,23.61058235168457,23.61058235168457,2400
2021-03-18 20:00:00-04:00,23.57018356946657,23.585535378419383,23.43281870849326,23.534629821777344,5400
2021-03-21 20:00:00-04:00,23.578261048503208,23.772187614501263,23.578261048503208,23.69219207763672,2200
2021-03-22 20:00:00-04:00,23.650987364925296,23.650987364925296,23.43281936645508,23.43281936645508,2400
2021-03-23 20:00:00-04:00,23.594424427871925,23.594424427871925,23.328582763671875,23.328582763671875,1100
2021-03-24 20:00:00-04:00,23.34393365714835,23.55402116916248,23.251818185589297,23.513620376586918,13400
2021-03-25 20:00:00-04:00,23.719667556053533,23.82067108154297,23.6760348837798,23.82067108154297,7900
2021-03-28 20:00:00-04:00,23.570183366444724,23.780270889723237,23.55644672634656,23.721284866333008,2500
2021-03-29 20:00:00-04:00,23.457056855179584,23.508769989013672,23.44089592290968,23.508769989013672,4300
2021-03-30 20:00:00-04:00,23.52977980107738,23.6146223847598,23.52977980107738,23.56614112854004,2100
2021-03-31 20:00:00-04:00,23.66714966059904,23.812593460083008,23.66714966059904,23.812593460083008,6300
2021-04-04 20:00:00-04:00,24.030759521671477,24.248927514986693,24.030759521671477,24.20367813110352,4200
2021-04-05 20:00:00-04:00,23.839257511960746,24.08732154193728,23.839257511960746,24.030759811401367,7300
2021-04-06 20:00:00-04:00,23.998440617414197,24.099444152771675,23.998440617414197,24.066314697265625,3900
2021-04-07 20:00:00-04:00,24.15277342713244,24.297409635553432,24.15277342713244,24.252967834472656,5500
2021-04-08 20:00:00-04:00,24.200448210676893,24.272361755371094,24.18509485922185,24.272361755371094,1100
2021-04-11 20:00:00-04:00,24.16650946122656,24.22468636041797,24.13257088177615,24.21014213562012,4100
2021-04-12 20:00:00-04:00,24.26508671655681,24.302255630493164,24.26508671655681,24.302255630493164,200
2021-04-13 20:00:00-04:00,24.523658278177358,24.61173275537203,24.457399368286133,24.457399368286133,6400
2021-04-14 20:00:00-04:00,24.887268321289525,24.976151917819973,24.887268321289525,24.9284782409668,3200
2021-04-15 20:00:00-04:00,24.89373245818056,24.93574996024652,24.883227697366216,24.911508560180664,2200
2021-04-18 20:00:00-04:00,24.97211197616803,24.97211197616803,24.82585906982422,24.82585906982422,2100
2021-04-19 20:00:00-04:00,24.66910386339779,24.66910386339779,24.392757415771484,24.392757415771484,900
2021-04-20 20:00:00-04:00,24.240845547476624,24.78949737548828,24.240845547476624,24.78949737548828,2700
2021-04-21 20:00:00-04:00,24.79030754950818,24.83070834649783,24.634357452392575,24.634357452392575,11600
2021-04-22 20:00:00-04:00,24.89454258556965,24.93979197069517,24.85737366795819,24.899391174316406,2400
2021-04-25 20:00:00-04:00,24.955953626017045,25.07311809656536,24.955953626017045,25.04322052001953,3200
2021-04-26 20:00:00-04:00,24.90747183454513,24.908279418945312,24.87514996423877,24.908279418945312,1200
2021-04-27 20:00:00-04:00,24.95999171770104,25.107053756713867,24.95999171770104,25.107053756713867,4500
2021-04-28 20:00:00-04:00,25.17815795369334,25.17815795369334,24.93170911231832,25.02867317199707,1600
2021-04-29 20:00:00-04:00,24.846864977015898,24.846864977015898,24.58021575598338,24.58425521850586,1900
2021-05-02 20:00:00-04:00,24.79838678510092,24.91959071123977,24.79838678510092,24.88646125793457,4100
2021-05-03 20:00:00-04:00,24.83070515127056,24.83070515127056,24.693340301513672,24.693340301513672,1400
2021-05-04 20:00:00-04:00,25.113518067381023,25.16119174668652,25.08119773864746,25.08119773864746,1400
2021-05-05 20:00:00-04:00,25.11674886396124,25.11674886396124,25.11351698534629,25.11432456970215,800
2021-05-06 20:00:00-04:00,25.37208408317451,25.406021118164062,25.35753985977776,25.406021118164062,1400
2021-05-09 20:00:00-04:00,25.67913587164315,25.75993745592353,25.55550765991211,25.55550765991211,2100
2021-05-10 20:00:00-04:00,24.63677778151745,25.324409592414675,24.63677778151745,25.283201217651367,2100
2021-05-11 20:00:00-04:00,25.21855531777899,25.21855531777899,24.81211853027344,24.81211853027344,1100
2021-05-12 20:00:00-04:00,24.8791905846162,25.02463437517513,24.8791905846162,24.96160888671875,700
2021-05-13 20:00:00-04:00,25.08927564894096,25.25007432528131,25.048874854362143,25.21775245666504,10500
2021-05-16 20:00:00-04:00,25.129678364006715,25.129678364006715,24.984233035421266,25.09331703186035,3900
2021-05-17 20:00:00-04:00,25.1943186540822,25.28320224619944,25.16442108154297,25.16442108154297,2700
2021-05-18 20:00:00-04:00,25.05695907179865,25.05695907179865,24.419425067480613,24.602039337158203,4400
2021-05-19 20:00:00-04:00,25.09735730123716,25.21048230554454,25.09735730123716,25.179777145385746,2200
2021-05-20 20:00:00-04:00,24.93575317447231,24.974538803100582,24.93575317447231,24.974538803100582,300
2021-05-23 20:00:00-04:00,25.137758393994748,25.225832865745733,25.137758393994748,25.149070739746094,2400
2021-05-24 20:00:00-04:00,25.267850734144663,25.267850734144663,25.17007908394601,25.18543243408203,12600
2021-05-25 20:00:00-04:00,25.242801388283542,25.250881855420257,25.220176696777344,25.220176696777344,700
2021-05-26 20:00:00-04:00,25.31552304619924,25.391477584838867,25.31552304619924,25.391477584838867,1500
2021-05-27 20:00:00-04:00,25.48440438994029,25.48440438994029,25.408449840128497,25.41249084472656,700
2021-05-31 20:00:00-04:00,25.54177347383972,25.54177347383972,25.49329066918528,25.49490737915039,1200
2021-06-01 20:00:00-04:00,25.64681766332018,25.80761481169978,25.638737195501232,25.77610206604004,2400
2021-06-02 20:00:00-04:00,25.59833377115726,25.59833377115726,25.56116485595703,25.56116485595703,600
2021-06-03 20:00:00-04:00,25.96598377284069,26.01769999208207,25.96598377284069,25.97406578063965,800
2021-06-06 20:00:00-04:00,25.96114215915711,25.993460948049712,25.905388010040337,25.953060150146484,5100
2021-06-07 20:00:00-04:00,25.99830845876695,26.05891119430009,25.99830845876695,26.02093315124512,1400
2021-06-08 20:00:00-04:00,25.92154786233281,25.92154786233281,25.772869110107425,25.772869110107425,2000
2021-06-09 20:00:00-04:00,25.98482035393819,26.001251220703125,25.98482035393819,26.001251220703125,500
2021-06-10 20:00:00-04:00,25.97578433913656,25.99878692626953,25.947852178494028,25.99878692626953,2700
2021-06-13 20:00:00-04:00,26.025895590176194,26.03411102294922,25.98481842631108,26.03411102294922,4700
2021-06-14 20:00:00-04:00,26.034116193055805,26.05054549493096,25.939641047804624,25.946212768554688,2800
2021-06-15 20:00:00-04:00,26.181990283702017,26.181990283702017,25.83530616760254,25.83530616760254,3600
2021-06-16 20:00:00-04:00,25.615134738922308,25.70550293738096,25.615134738922308,25.640602111816406,4700
2021-06-17 20:00:00-04:00,25.146865752111925,25.146865752111925,25.015421955868742,25.04499626159668,10300
2021-06-20 20:00:00-04:00,25.150972192846165,25.387571334838867,25.150972192846165,25.387571334838867,300
2021-06-21 20:00:00-04:00,25.40975709523219,25.43358075797768,25.394969940185547,25.394969940185547,1800
2021-06-22 20:00:00-04:00,25.45082866644929,25.45082866644929,25.22408866882324,25.22408866882324,12000
2021-06-23 20:00:00-04:00,25.51655475898689,25.53298562777332,25.426188114529296,25.44261741638184,9900
2021-06-24 20:00:00-04:00,25.407289060333085,25.438507080078125,25.407289060333085,25.438507080078125,500
2021-06-27 20:00:00-04:00,25.204372926675784,25.22901765983167,25.19615749331259,25.21916007995605,1600
2021-06-28 20:00:00-04:00,25.28652618121016,25.28652618121016,25.25366444712341,25.261058807373047,900
2021-06-29 20:00:00-04:00,25.023634396889044,25.08114242553711,24.98255880050256,25.08114242553711,1800
2021-06-30 20:00:00-04:00,24.98256395130812,24.98256395130812,24.883981872881865,24.943130493164062,6300
2021-07-01 20:00:00-04:00,24.99077821427556,25.19615936279297,24.99077821427556,25.19615936279297,2300
2021-07-05 20:00:00-04:00,25.130435981992083,25.130435981992083,24.678598108564508,24.80182647705078,16800
2021-07-06 20:00:00-04:00,25.31117228550541,25.31117228550541,25.13043743904221,25.134544372558597,900
2021-07-07 20:00:00-04:00,24.662167157480628,24.801826392471128,24.61287455670724,24.75007057189941,2700
2021-07-08 20:00:00-04:00,24.867550236325854,25.20437519992745,24.867550236325854,25.186302185058597,4900
2021-07-11 20:00:00-04:00,25.203552791294317,25.20437386458108,25.17972756357436,25.18547821044922,1700
2021-07-12 20:00:00-04:00,25.056495535302663,25.056495535302663,24.98173713684082,24.98173713684082,1000
2021-07-13 20:00:00-04:00,25.22901751242819,25.22901751242819,25.082786560058597,25.082786560058597,2900
2021-07-14 20:00:00-04:00,24.925057776550656,24.925057776550656,24.81415176179112,24.86426544189453,900
2021-07-15 20:00:00-04:00,24.83879557872969,24.83879557872969,24.714744567871094,24.714744567871094,600
2021-07-18 20:00:00-04:00,24.325343363509077,24.325343363509077,24.004947711158056,24.133928298950195,21000
2021-07-19 20:00:00-04:00,24.374632536578893,24.46992874145508,24.374632536578893,24.46992874145508,5000
2021-07-20 20:00:00-04:00,24.79361117088792,24.83222198486328,24.79361117088792,24.83222198486328,1400
2021-07-21 20:00:00-04:00,24.78950453021284,24.803470611572266,24.78950453021284,24.803470611572266,600
2021-07-22 20:00:00-04:00,24.97434942821018,24.99981680556855,24.9505257645569,24.99242401123047,2800
2021-07-25 20:00:00-04:00,25.01953169788713,25.056500367664317,25.01953169788713,25.038427352905277,1100
2021-07-26 20:00:00-04:00,24.94970323434631,24.965311462430616,24.92916386543465,24.961204528808597,1600
2021-07-27 20:00:00-04:00,24.84701178320461,24.934913635253903,24.84701178320461,24.934913635253903,3200
2021-07-28 20:00:00-04:00,25.17972655563008,25.17972655563008,25.12879180908203,25.12879180908203,600
2021-07-29 20:00:00-04:00,24.90451950700076,24.90451950700076,24.883981704711918,24.883981704711918,600
2021-08-01 20:00:00-04:00,25.2281978346301,25.2281978346301,25.06800079345703,25.06800079345703,600
2021-08-02 20:00:00-04:00,25.155082449715778,25.29884861941669,25.155082449715778,25.25695037841797,4700
2021-08-03 20:00:00-04:00,25.409751268910476,25.409751268910476,25.238052961200317,25.24873161315918,1100
2021-08-04 20:00:00-04:00,25.41222381591797,25.41222381591797,25.41222381591797,25.41222381591797,200
2021-08-05 20:00:00-04:00,25.54941440772859,25.54941440772859,25.38346672058105,25.38346672058105,2800
2021-08-08 20:00:00-04:00,25.31691972839985,25.31691972839985,25.30706214904785,25.30706214904785,400
2021-08-09 20:00:00-04:00,25.401541731019808,25.4426173359221,25.39332629665257,25.440975189208984,1400
2021-08-10 20:00:00-04:00,25.598707648080804,25.598707648080804,25.56584747729794,25.56748962402344,400
2021-08-11 20:00:00-04:00,25.54941745307366,25.54941745307366,25.52066421508789,25.52066421508789,400
2021-08-12 20:00:00-04:00,25.7055039093052,25.7055039093052,25.674285888671875,25.674285888671875,900
2021-08-15 20:00:00-04:00,25.459044870322057,25.46726030361333,25.35224737140289,25.432756423950195,3700
2021-08-16 20:00:00-04:00,24.89219323003638,24.925054964153755,24.70981467971263,24.82647132873535,4500
2021-08-17 20:00:00-04:00,24.77307215190538,24.77307215190538,24.64902114868164,24.64902114868164,800
2021-08-18 20:00:00-04:00,24.42392350201441,24.53811535967788,24.361487463257365,24.42967414855957,22200
2021-08-19 20:00:00-04:00,24.382030714821955,24.481433868408203,24.358205484671583,24.481433868408203,5000
2021-08-22 20:00:00-04:00,24.391064615315173,24.810042328778437,24.391064615315173,24.75335693359375,17500
2021-08-23 20:00:00-04:00,24.91683966809576,25.056498904997685,24.85111776643213,25.0072078704834,6600
2021-08-24 20:00:00-04:00,25.072929500485536,25.171511568445982,25.072929500485536,25.09757423400879,4000
2021-08-25 20:00:00-04:00,24.9225944628337,24.925059250009696,24.85112190246582,24.85112190246582,900
2021-08-26 20:00:00-04:00,25.179728413369705,25.179728413369705,25.137009097009905,25.1444034576416,1900
2021-08-29 20:00:00-04:00,25.22244732758763,25.22244732758763,25.20437431335449,25.20437431335449,700
2021-08-30 20:00:00-04:00,25.196156924843976,25.196156924843976,25.163295192132622,25.17561912536621,5000
2021-08-31 20:00:00-04:00,25.491909449230853,25.49766009648334,25.393325805664062,25.393325805664062,1100
2021-09-01 20:00:00-04:00,25.647998237873395,25.65046302485231,25.59870719909668,25.59870719909668,700
2021-09-02 20:00:00-04:00,25.68168165132692,25.828735264695176,25.68168165132692,25.771228790283203,700
2021-09-06 20:00:00-04:00,25.70550446448804,25.70550446448804,25.656211862254768,25.661962509155277,2200
2021-09-07 20:00:00-04:00,25.61513789032186,25.61513789032186,25.48369407653809,25.48369407653809,1100
2021-09-08 20:00:00-04:00,25.29885002761726,25.311172395153594,25.22080575499743,25.253665924072266,1600
2021-09-09 20:00:00-04:00,25.171514336127583,25.204376073683456,25.056501388549805,25.056501388549805,1900
2021-09-12 20:00:00-04:00,25.204372477125947,25.23723264305892,25.13947165156789,25.20026397705078,3200
2021-09-13 20:00:00-04:00,25.06060778594668,25.06060778594668,24.980098724365234,24.980098724365234,1000
2021-09-14 20:00:00-04:00,25.19205093383789,25.19205093383789,25.19205093383789,25.19205093383789,200
2021-09-15 20:00:00-04:00,25.1468672660733,25.1468672660733,25.031852762235857,25.104969024658203,500
2021-09-16 20:00:00-04:00,24.86754770730797,24.86754770730797,24.54715207756496,24.650665283203125,17800
2021-09-19 20:00:00-04:00,24.40749297833116,24.40749297833116,23.774920282547992,23.989337921142575,21400
2021-09-20 20:00:00-04:00,24.259620728515312,24.37381259177859,24.243189861313784,24.2497615814209,4000
2021-09-21 20:00:00-04:00,24.551261336911026,24.61287473793084,24.413244247436523,24.413244247436523,1300
2021-09-22 20:00:00-04:00,24.847010203348603,24.847010203348603,24.828935623168945,24.828935623168945,400
2021-09-23 20:00:00-04:00,24.543044603494856,24.543044603494856,24.52989959716797,24.52989959716797,300
2021-09-26 20:00:00-04:00,24.678600365207327,24.685993159170952,24.63423733369012,24.66299057006836,800
2021-09-27 20:00:00-04:00,24.22675711282689,24.22675711282689,23.9269008608856,23.971263885498047,5800
2021-09-28 20:00:00-04:00,24.00577344856722,24.0542434176724,23.88665199279785,23.88665199279785,1100
2021-09-29 20:00:00-04:00,24.15282044730236,24.15282044730236,24.022197723388672,24.022197723388672,1200
2021-09-30 20:00:00-04:00,24.06245633731761,24.15282297799485,24.04602546921853,24.144607543945312,2900
2021-10-03 20:00:00-04:00,24.448569593200723,24.456785026328586,24.200469153700467,24.25879669189453,3200
2021-10-04 20:00:00-04:00,24.53072117234967,24.533185958862305,24.489644008694995,24.533185958862305,1400
2021-10-05 20:00:00-04:00,24.152823707583828,24.347524642944336,24.152823707583828,24.347524642944336,500
2021-10-06 20:00:00-04:00,24.695027728983163,24.744320330564125,24.645736694335938,24.645736694335938,400
2021-10-07 20:00:00-04:00,24.73610445950524,24.74431989295677,24.67038255882666,24.68270492553711,1200
2021-10-10 20:00:00-04:00,24.756643768674508,24.756643768674508,24.69256401062012,24.69256401062012,300
2021-10-11 20:00:00-04:00,24.81004391688243,24.85933495487627,24.81004391688243,24.814971923828125,1000
2021-10-12 20:00:00-04:00,24.82647135438073,24.93819999694824,24.82647135438073,24.93819999694824,500
2021-10-13 20:00:00-04:00,25.12222255060468,25.22902006062163,25.12222255060468,25.216697692871094,1100
2021-10-14 20:00:00-04:00,25.270094463093063,25.34649658203125,25.270094463093063,25.34649658203125,600
2021-10-17 20:00:00-04:00,25.49190784071271,25.49190784071271,25.225732803344727,25.225732803344727,600
2021-10-18 20:00:00-04:00,25.565846107638635,25.597064130023533,25.565846107638635,25.59377670288086,500
2021-10-19 20:00:00-04:00,25.623351295802568,25.721933364868164,25.623351295802568,25.721933364868164,1100
2021-10-20 20:00:00-04:00,25.623353870740072,25.623353870740072,25.565847396850582,25.565847396850582,200
2021-10-21 20:00:00-04:00,25.639781052423213,25.746580123901367,25.566666356067067,25.746580123901367,1500
2021-10-24 20:00:00-04:00,25.906774935364936,25.93552816745833,25.858304977416992,25.858304977416992,2200
2021-10-25 20:00:00-04:00,25.804088117756105,25.823804846471965,25.804088117756105,25.81805419921875,700
2021-10-26 20:00:00-04:00,25.902669249742964,25.902669249742964,25.757259368896484,25.757259368896484,2300
2021-10-27 20:00:00-04:00,25.812303736453277,25.98893165588379,25.812303736453277,25.98893165588379,2000
2021-10-28 20:00:00-04:00,25.557629208135456,25.60692024230957,25.46726100637148,25.60692024230957,2400
2021-10-31 20:00:00-04:00,25.50833564545037,25.64799487612379,25.50176392565721,25.623350143432617,3300
2021-11-01 20:00:00-04:00,25.37360612061079,25.408932640284267,25.35799789428711,25.35799789428711,2300
2021-11-02 20:00:00-04:00,25.385108671135324,25.5699520111084,25.385108671135324,25.5699520111084,400
2021-11-03 20:00:00-04:00,25.39332533147676,25.45740509033203,25.39332533147676,25.45740509033203,1000
2021-11-04 20:00:00-04:00,25.597881317138672,25.597881317138672,25.597881317138672,25.597881317138672,300
2021-11-07 19:00:00-05:00,25.664428666114823,25.685789108276367,25.664428666114823,25.685789108276367,600
2021-11-08 19:00:00-05:00,25.56584357075703,25.56584357075703,25.409753474321253,25.46561622619629,3600
2021-11-09 19:00:00-05:00,25.42618636072405,25.42618636072405,25.17726325988769,25.17726325988769,800
2021-11-10 19:00:00-05:00,25.081144356477004,25.1386508226188,25.048282623291016,25.048282623291016,4500
2021-11-11 19:00:00-05:00,25.26187989934943,25.272560119628903,25.24709274577293,25.272560119628903,1500
2021-11-14 19:00:00-05:00,25.4508288258275,25.4508288258275,25.27173614501953,25.27173614501953,1200
2021-11-15 19:00:00-05:00,25.212590687788083,25.269276086374,25.170692443847656,25.170692443847656,3000
2021-11-16 19:00:00-05:00,24.810043361248717,24.810043361248717,24.74514252973444,24.77718162536621,8000
2021-11-17 19:00:00-05:00,24.76814365108141,24.79361102480179,24.76814365108141,24.79032516479492,600
2021-11-18 19:00:00-05:00,24.448572872851557,24.71967593470345,24.448572872851557,24.589874267578125,3000
2021-11-21 19:00:00-05:00,24.725423163476933,24.725423163476933,24.541400909423828,24.541400909423828,1400
2021-11-22 19:00:00-05:00,24.842081615198268,24.842081615198268,24.71967431697075,24.82400703430176,1700
2021-11-23 19:00:00-05:00,24.7114601314179,24.72296142578125,24.567693951876056,24.72296142578125,1300
2021-11-25 19:00:00-05:00,23.97208770435426,23.97208770435426,23.8242130279541,23.8242130279541,4800
2021-11-28 19:00:00-05:00,24.05424015705228,24.05424015705228,23.86528831364231,23.986053466796875,3400
2021-11-29 19:00:00-05:00,23.95565765713789,23.95565765713789,23.537500988635163,23.71002197265625,5700
2021-11-30 19:00:00-05:00,23.988518254564543,24.062455591785724,23.52846336364746,23.52846336364746,11200
2021-12-01 19:00:00-05:00,23.92279717158215,24.02137924663546,23.82503460292253,23.877613067626957,6000
2021-12-02 19:00:00-05:00,23.82420980462388,23.82420980462388,23.388801268236385,23.544891357421875,7300
2021-12-05 19:00:00-05:00,23.89814908809376,23.90800666809082,23.857894560971765,23.90800666809082,1000
2021-12-06 19:00:00-05:00,24.11174706586128,24.39928098617704,24.11174706586128,24.36231231689453,11500
2021-12-07 19:00:00-05:00,24.490469609475408,24.58001517328068,24.490469609475408,24.574264526367188,3100
2021-12-08 19:00:00-05:00,24.414067819337056,24.423925399780277,24.414067819337056,24.423925399780277,1900
2021-12-09 19:00:00-05:00,24.448571756082544,24.45842933654785,24.391886359339093,24.45842933654785,400
2021-12-12 19:00:00-05:00,24.67445819448676,24.67445819448676,24.185019617800236,24.21202278137207,1900
2021-12-13 19:00:00-05:00,24.2018945678951,24.2018945678951,24.00865063439356,24.11666488647461,2600
2021-12-14 19:00:00-05:00,24.025530334985422,24.37995147705078,23.990931777895145,24.37995147705078,2700
2021-12-15 19:00:00-05:00,24.387544362969678,24.387544362969678,24.22721057354128,24.32678604125977,1500
2021-12-16 19:00:00-05:00,24.185016930399183,24.26940321552717,24.043249130249023,24.043249130249023,7000
2021-12-19 19:00:00-05:00,24.016243878388494,24.06687661417033,23.925107207329475,24.03227806091309,3700
2021-12-20 19:00:00-05:00,24.201895458421998,24.432268142700195,24.201895458421998,24.432268142700195,2000
2021-12-21 19:00:00-05:00,24.438175422071733,24.76896858215332,24.438175422071733,24.76896858215332,4000
2021-12-22 19:00:00-05:00,24.94027015518271,24.96896171569824,24.94027015518271,24.96896171569824,500
2021-12-26 19:00:00-05:00,24.89386192118544,25.11410903930664,24.89386192118544,25.11410903930664,5000
2021-12-27 19:00:00-05:00,25.147016399880503,25.218745305587245,25.06769371032715,25.06769371032715,1600
2021-12-28 19:00:00-05:00,25.24828400184049,25.24828400184049,25.147865128519047,25.196807861328125,1300
2021-12-29 19:00:00-05:00,25.326806858197315,25.326806858197315,25.205305099487305,25.205305099487305,300
2021-12-30 19:00:00-05:00,25.115238174168702,25.15007473704581,25.05406188964844,25.05406188964844,8900
2022-01-02 19:00:00-05:00,24.85269097530387,25.11778657907448,24.85269097530387,25.107589721679688,12200
2022-01-03 19:00:00-05:00,25.617390421062137,25.617390421062137,25.48994103998358,25.498437881469727,2400
2022-01-04 19:00:00-05:00,25.51542982856754,25.56640925340935,25.17896270751953,25.17896270751953,1900
2022-01-05 19:00:00-05:00,24.750730325052995,24.793214529545608,24.623280952788548,24.699750900268555,1600
2022-01-06 19:00:00-05:00,24.69974909332784,24.82634925842285,24.69974909332784,24.82634925842285,1400
2022-01-09 19:00:00-05:00,24.46184948947944,24.65302276611328,24.410868436477276,24.65302276611328,5100
2022-01-10 19:00:00-05:00,24.62328313081736,24.96229949580431,24.62328313081736,24.93850898742676,1300
2022-01-11 19:00:00-05:00,25.15007425495586,25.182361602783203,25.133929770738824,25.182361602783203,3900
2022-01-12 19:00:00-05:00,25.290268361329424,25.290268361329424,25.073604583740234,25.073604583740234,1800
2022-01-13 19:00:00-05:00,24.91726917204113,24.91726917204113,24.74308795939629,24.855243682861328,1600
2022-01-17 19:00:00-05:00,24.590145774986212,24.590145774986212,24.404918522555366,24.428709030151367,4400
2022-01-18 19:00:00-05:00,24.66576773286406,24.693805852210883,24.53831672668457,24.53831672668457,3600
2022-01-19 19:00:00-05:00,24.682756917201573,24.682756917201573,24.460994720458984,24.460994720458984,700
2022-01-20 19:00:00-05:00,24.079497929056156,24.079497929056156,23.688651321071465,23.714141845703125,15100
2022-01-23 19:00:00-05:00,23.22133628072342,23.442249298095703,22.754021342063428,23.442249298095703,21100
2022-01-24 19:00:00-05:00,23.2043398675933,23.501722802936783,23.2043398675933,23.42100524902344,2700
2022-01-25 19:00:00-05:00,23.501725653077997,23.54420824016196,22.72853089978073,23.221336364746094,5100
2022-01-26 19:00:00-05:00,22.817745587859218,22.92565369406389,22.68095016479492,22.68095016479492,44100
2022-01-27 19:00:00-05:00,22.64356434848786,22.847483685775877,22.45493867789025,22.82199478149414,15800
2022-01-30 19:00:00-05:00,22.88147085956784,23.009769439697266,22.847483493336025,23.009769439697266,2800
2022-01-31 19:00:00-05:00,23.250227676592196,23.35643577575684,23.19160059841562,23.35643577575684,1700
2022-02-01 19:00:00-05:00,23.511924743652344,23.511924743652344,23.511924743652344,23.511924743652344,100
2022-02-02 19:00:00-05:00,23.30120478559507,23.30120478559507,23.225584030151367,23.225584030151367,500
2022-02-03 19:00:00-05:00,23.246827087595417,23.37512566851996,23.22983340437419,23.33349227905273,1800
2022-02-06 19:00:00-05:00,23.501725067805705,23.612182384444164,23.501725067805705,23.50937271118164,6500
2022-02-07 19:00:00-05:00,23.87557614959006,23.945247650146484,23.84498719904221,23.945247650146484,2500
2022-02-08 19:00:00-05:00,24.26642672578823,24.30721092224121,24.26642672578823,24.30721092224121,400
2022-02-09 19:00:00-05:00,24.30890763548672,24.557858770784662,24.08544540405273,24.08544540405273,2400
2022-02-10 19:00:00-05:00,23.850086212158203,23.850086212158203,23.850086212158203,23.850086212158203,300
2022-02-13 19:00:00-05:00,23.986034604877474,24.189953942764465,23.80760579195392,23.943552017211918,44400
2022-02-14 19:00:00-05:00,23.96903976923479,24.256227493286133,23.96903976923479,24.256227493286133,10700
2022-02-15 19:00:00-05:00,24.359885932266117,24.543413162231445,24.359885932266117,24.543413162231445,11100
2022-02-16 19:00:00-05:00,24.538315027870976,24.538315027870976,24.364133834838867,24.364133834838867,1900
2022-02-17 19:00:00-05:00,24.30041019732312,24.30041019732312,24.180606842041016,24.180606842041016,1200
2022-02-21 19:00:00-05:00,24.34034538269043,24.34034538269043,24.34034538269043,24.34034538269043,300
2022-02-22 19:00:00-05:00,24.48563829585446,24.48563829585446,24.249431610107425,24.249431610107425,1300
2022-02-23 19:00:00-05:00,23.569698649051983,24.014923095703125,23.569698649051983,24.014923095703125,2100
2022-02-24 19:00:00-05:00,24.36668286292421,24.44485282897949,24.36668286292421,24.44485282897949,300
2022-02-27 19:00:00-05:00,24.27492012393682,24.461847394387732,24.155967585000276,24.325050354003903,3700
2022-02-28 19:00:00-05:00,24.01152248364679,24.062501907348636,23.96054305994495,24.062501907348636,2800
2022-03-01 19:00:00-05:00,24.640274300500103,24.82719993591309,24.640274300500103,24.82719993591309,2100
2022-03-02 19:00:00-05:00,24.76772514619924,24.76772514619924,24.580799499652997,24.589296340942383,1900
2022-03-03 19:00:00-05:00,24.81870605274973,24.93766021728516,24.81870605274973,24.93766021728516,1600
2022-03-06 19:00:00-05:00,24.810212211686277,24.810212211686277,24.444856097174068,24.46014976501465,3100
2022-03-07 19:00:00-05:00,24.410867470503977,24.410867470503977,24.02851931175942,24.09224319458008,14100
2022-03-08 19:00:00-05:00,24.61478501892859,24.640275542563465,24.50432932439097,24.570602416992188,2500
2022-03-09 19:00:00-05:00,24.827201919398263,24.929162396337198,24.827201919398263,24.869686126708984,2200
2022-03-10 19:00:00-05:00,24.75922902735128,24.7677258688886,24.56380653381348,24.56380653381348,8900
2022-03-13 20:00:00-04:00,24.65726897715877,24.65726897715877,24.251977920532227,24.251977920532227,2700
2022-03-14 20:00:00-04:00,24.47883897034338,24.513675533370364,24.249430738467183,24.453350067138672,7000
2022-03-15 20:00:00-04:00,24.955503943644462,25.320009231567383,24.955503943644462,25.320009231567383,3500
2022-03-16 20:00:00-04:00,25.260530843102455,25.57065826045936,25.243537160357945,25.49418830871582,6500
2022-03-17 20:00:00-04:00,25.685362534423746,25.8748373924436,25.64372914718393,25.87143898010254,3400
2022-03-20 20:00:00-04:00,25.863792933139436,25.998889952361637,25.744838777673767,25.857845306396484,5000
2022-03-21 20:00:00-04:00,26.11019599782016,26.1866659509249,26.017583180245527,26.17901992797852,3000
2022-03-22 20:00:00-04:00,26.042221391444706,26.207905740125945,26.042221391444706,26.13993263244629,4200
2022-03-23 20:00:00-04:00,26.38293991180544,26.51973533630371,26.38293991180544,26.51973533630371,800
2022-03-24 20:00:00-04:00,26.510387275849205,26.665876388549805,26.459407849946626,26.665876388549805,2300
2022-03-27 20:00:00-04:00,26.50954048369397,26.50954048369397,26.348952927647595,26.467056274414062,5600
2022-03-28 20:00:00-04:00,26.74744432173696,26.868946075439453,26.637837821954896,26.868946075439453,1400
2022-03-29 20:00:00-04:00,26.96580800575557,27.06606846567823,26.883390426635746,26.883390426635746,1200
2022-03-30 20:00:00-04:00,26.84090724762929,26.84090724762929,26.60809898376465,26.60809898376465,1900
2022-03-31 20:00:00-04:00,26.84090772322428,26.89783477783203,26.645485233204337,26.89783477783203,4000
2022-04-03 20:00:00-04:00,27.019336023717702,27.155282242104185,26.993847120649463,27.11959648132324,3600
2022-04-04 20:00:00-04:00,27.19776566560494,27.240251493645715,26.942866903428367,26.972606658935547,3300
2022-04-05 20:00:00-04:00,26.845156957190035,26.845156957190035,26.619996319010657,26.79077911376953,2200
2022-04-06 20:00:00-04:00,26.645485988698223,26.74489563243961,26.569016034677567,26.70836067199707,1100
2022-04-07 20:00:00-04:00,26.80691968806901,26.823913370413244,26.71175765991211,26.71175765991211,3300
2022-04-10 20:00:00-04:00,26.543527326451517,26.543527326451517,26.43647003173828,26.43647003173828,700
2022-04-11 20:00:00-04:00,26.8239109870145,26.87489040891075,26.53077728535282,26.567312240600582,17600
2022-04-12 20:00:00-04:00,26.41607597958479,26.73215103149414,26.41607597958479,26.73215103149414,2600
2022-04-13 20:00:00-04:00,26.75594243997952,26.772936123707293,26.586010464522417,26.673524856567383,10000
2022-04-17 20:00:00-04:00,26.450060287790052,26.526530237229057,26.404179290490696,26.45855712890625,7700
2022-04-18 20:00:00-04:00,26.68797015913598,26.826465606689453,26.67947331700673,26.826465606689453,1600
2022-04-19 20:00:00-04:00,26.985351958905365,26.99384880065918,26.942867750136287,26.99384880065918,700
2022-04-20 20:00:00-04:00,26.891887914303325,26.94286734344986,26.46365714413743,26.49254608154297,1900
2022-04-21 20:00:00-04:00,26.10169820402738,26.10169820402738,25.467849731445312,25.467849731445312,4800
2022-04-24 20:00:00-04:00,24.929161579944385,25.09059832122471,24.64877230330316,25.077852249145508,8400
2022-04-25 20:00:00-04:00,24.929164833950527,24.929164833950527,24.586750030517575,24.586750030517575,3500
2022-04-26 20:00:00-04:00,24.704001189420207,24.88582840649723,24.704001189420207,24.810209274291992,3000
2022-04-27 20:00:00-04:00,24.844194628323905,25.184060170451485,24.844194628323905,25.172164916992188,3300
2022-04-28 20:00:00-04:00,25.14072986710788,25.14072986710788,24.73374039053281,24.74138641357422,1900
2022-05-01 20:00:00-04:00,24.73373917581364,24.73373917581364,24.51282616612691,24.702301025390625,7900
2022-05-02 20:00:00-04:00,24.98014374048415,25.06511054101576,24.93766115052181,24.95380401611328,22100
2022-05-03 20:00:00-04:00,24.844194082034644,25.5443172454834,24.810208338872556,25.5443172454834,10200
2022-05-04 20:00:00-04:00,25.27752581195606,25.27752581195606,24.580800990049664,24.651323318481445,1500
2022-05-05 20:00:00-04:00,24.33439685269461,24.34289369429428,24.130477516123108,24.314855575561523,2400
2022-05-08 20:00:00-04:00,23.909563411555204,23.909563411555204,23.45924217145216,23.495777130126957,10500
2022-05-09 20:00:00-04:00,23.433753581663748,23.486433029174805,23.36578046694781,23.486433029174805,500
2022-05-10 20:00:00-04:00,23.51022158240883,23.992831791167,23.434600830078125,23.434600830078125,6200
2022-05-11 20:00:00-04:00,22.906956284382428,23.48472845771309,22.71663224833369,22.95283889770508,12400
2022-05-12 20:00:00-04:00,23.433750732565706,23.850086212158203,23.433750732565706,23.850086212158203,3300
2022-05-15 20:00:00-04:00,23.714141097616867,24.079497169444373,23.714141097616867,23.88067626953125,2700
2022-05-16 20:00:00-04:00,24.274920754264183,24.350541510612743,24.164465053898816,24.304658889770508,3800
2022-05-17 20:00:00-04:00,24.181457899689452,24.181457899689452,23.683555603027344,23.683555603027344,2700
2022-05-18 20:00:00-04:00,23.89852025085457,24.12877931203396,23.89852025085457,24.0183219909668,2200
2022-05-19 20:00:00-04:00,24.342892946999253,24.342892946999253,23.969040031124887,24.217992782592773,2800
2022-05-22 20:00:00-04:00,24.385376996776117,24.54681211935462,24.385376996776117,24.528120040893555,2000
2022-05-23 20:00:00-04:00,24.45334953934823,24.54681155009286,24.33439538473558,24.52981948852539,9500
2022-05-24 20:00:00-04:00,24.42785946621048,24.63177879423821,24.42785946621048,24.542564392089844,800
2022-05-25 20:00:00-04:00,24.538316409763315,24.65641975402832,24.52982118869414,24.65641975402832,5700
2022-05-26 20:00:00-04:00,25.139028549194336,25.139028549194336,25.139028549194336,25.139028549194336,300
2022-05-30 20:00:00-04:00,24.767726068223304,25.0226264545738,24.767726068223304,24.89177703857422,2300
2022-05-31 20:00:00-04:00,24.931711002850413,25.07445404647717,24.90367126464844,24.90367126464844,600
2022-06-01 20:00:00-04:00,25.379483968209836,25.42196655273437,25.379483968209836,25.42196655273437,9600
2022-06-02 20:00:00-04:00,25.31151125967191,25.31151125967191,25.10419190069751,25.144126892089844,900
2022-06-05 20:00:00-04:00,25.26053001723125,25.26053001723125,25.065956731806256,25.116086959838867,4000
2022-06-06 20:00:00-04:00,24.939358179174537,25.070207595825195,24.939358179174537,25.070207595825195,1200
2022-06-07 20:00:00-04:00,24.74648395482281,24.827201516493066,24.6402758691798,24.645374298095703,2000
2022-06-08 20:00:00-04:00,24.266423897047943,24.266423897047943,23.943552017211918,23.943552017211918,3100
2022-06-09 20:00:00-04:00,23.374277865818343,24.661519465438904,23.08114410548496,23.25532531738281,2100
2022-06-12 20:00:00-04:00,22.5161152234844,22.524612065211368,22.210235403740985,22.29095458984375,2200
2022-06-13 20:00:00-04:00,22.252717693180703,22.252717693180703,21.94683789981802,22.075138092041016,8800
2022-06-14 20:00:00-04:00,22.524611371174643,22.652060751938432,22.16775213267196,22.41415405273437,5500
2022-06-15 20:00:00-04:00,22.01480971134189,22.099776495675453,21.8100412034379,21.99356842041016,5200
2022-06-16 20:00:00-04:00,21.86597994403085,21.86597994403085,21.52281051113849,21.642480850219727,35300
2022-06-20 20:00:00-04:00,22.297142102609325,22.297142102609325,22.138756453088813,22.17395401000977,23700
2022-06-21 20:00:00-04:00,21.821983960544745,22.03316593389657,21.821983960544745,21.91877555847168,2300
2022-06-22 20:00:00-04:00,21.857181944438096,21.874780722281383,21.6416011116374,21.832544326782227,7900
2022-06-23 20:00:00-04:00,22.288340997320653,22.43792724609375,22.10355887264835,22.43792724609375,5400
2022-06-26 20:00:00-04:00,22.57871649190706,22.57871649190706,22.411531448364254,22.411531448364254,3000
2022-06-27 20:00:00-04:00,22.83652949430681,22.860287675410746,22.39833068847656,22.39833068847656,1900
2022-06-28 20:00:00-04:00,24.250560344378517,24.250560344378517,22.376334140365785,22.387773513793945,5400
2022-06-29 20:00:00-04:00,21.953972899473364,22.00676755314081,21.839582525163483,22.00236701965332,2100
2022-06-30 20:00:00-04:00,21.73399456936901,21.94693374633789,21.62400472170684,21.94693374633789,2600
2022-07-04 20:00:00-04:00,21.47001427515493,21.61696052551269,21.426019014900028,21.61696052551269,3300
2022-07-05 20:00:00-04:00,21.751593471930736,21.77359278593565,21.52369548225052,21.764793395996094,1700
2022-07-06 20:00:00-04:00,22.147555871687057,22.244347475036136,22.129957093203245,22.233787536621094,3100
2022-07-07 20:00:00-04:00,22.30594177404022,22.30594177404022,22.1105996942685,22.169553756713867,8700
2022-07-10 20:00:00-04:00,21.663601887477107,21.70759715674741,21.514015622321335,21.549211502075195,2400
2022-07-11 20:00:00-04:00,21.65479947651961,21.786786944226588,21.57560666023308,21.62400245666504,2600
2022-07-12 20:00:00-04:00,21.4964127704482,21.791184710996266,21.4964127704482,21.67503547668457,6300
2022-07-13 20:00:00-04:00,21.20604224869424,21.47881659175614,21.12244889317476,21.46297836303711,1800
2022-07-14 20:00:00-04:00,21.80438894493956,21.85630416870117,21.80438894493956,21.85630416870117,2300
2022-07-17 20:00:00-04:00,22.138757534358607,22.22674975264669,21.915258407592773,21.915258407592773,6200
2022-07-18 20:00:00-04:00,22.39833320329654,22.42033083784672,22.36313732367865,22.411531448364254,2100
2022-07-19 20:00:00-04:00,22.38513585964645,22.422971725463867,22.305943029427294,22.422971725463867,900
2022-07-20 20:00:00-04:00,22.385132692169652,22.68430519104004,22.3499351378029,22.68430519104004,1800
2022-07-21 20:00:00-04:00,22.877886871948903,22.877886871948903,22.605112536864507,22.619190216064453,1100
2022-07-24 20:00:00-04:00,22.84709256817061,22.948283032280557,22.816295543368103,22.939483642578125,4900
2022-07-25 20:00:00-04:00,22.789897126118284,22.789897126118284,22.67462730407715,22.67462730407715,12500
2022-07-26 20:00:00-04:00,22.93068264211201,23.2641716003418,22.908685008557157,23.2641716003418,700
2022-07-27 20:00:00-04:00,23.23865537282427,23.423439193539224,23.18058074545304,23.398799896240234,800
2022-07-28 20:00:00-04:00,23.397041212859065,23.665416717529297,23.397041212859065,23.665416717529297,1700
2022-07-31 20:00:00-04:00,23.52902897727794,23.766607460784936,23.52902897727794,23.6610164642334,3800
2022-08-01 20:00:00-04:00,23.414639410152216,23.599421549445985,23.38296127319336,23.38296127319336,3100
2022-08-02 20:00:00-04:00,23.43223791069443,23.511430740356445,23.335447979794623,23.511430740356445,1100
2022-08-03 20:00:00-04:00,23.511428586463595,23.52374739535751,23.450713977397346,23.49471092224121,800
2022-08-04 20:00:00-04:00,23.18586014636127,23.37064228423444,23.18586014636127,23.364482879638672,3500
2022-08-07 20:00:00-04:00,23.74020600625212,23.74020600625212,23.55102335241916,23.595020294189453,5000
2022-08-08 20:00:00-04:00,23.65221540662277,23.65221540662277,23.414638618182483,23.43223571777344,8100
2022-08-09 20:00:00-04:00,23.96898770403273,24.10977457655445,23.96898770403273,24.059619903564453,4300
2022-08-10 20:00:00-04:00,24.320954701158755,24.320954701158755,24.08161735534668,24.08161735534668,2600
2022-08-11 20:00:00-04:00,24.18016815735201,24.304237365722656,24.056980062737136,24.304237365722656,4100
2022-08-14 20:00:00-04:00,23.89859294560327,24.0305804215013,23.88891412137856,24.012983322143555,4700
2022-08-15 20:00:00-04:00,24.02177985183557,24.127370834350582,24.02177985183557,24.127370834350582,2800
2022-08-16 20:00:00-04:00,23.78420760354168,23.89859631791144,23.691814846894975,23.810604095458984,24600
2022-08-17 20:00:00-04:00,23.986588030518668,23.986588030518668,23.88099703015769,23.898595809936523,2300
2022-08-18 20:00:00-04:00,23.60822072658211,23.60822072658211,23.50262973485445,23.590621948242188,12400
2022-08-21 20:00:00-04:00,23.326648385718887,23.3618442661982,23.265054336146108,23.30904960632324,2700
2022-08-22 20:00:00-04:00,23.327527171211305,23.493832778735957,23.327527171211305,23.397920608520508,4900
2022-08-23 20:00:00-04:00,23.449833098831785,23.508787155151367,23.43223432197731,23.508787155151367,900
2022-08-24 20:00:00-04:00,23.863398630835192,23.911792755126957,23.76572759018032,23.911792755126957,1500
2022-08-25 20:00:00-04:00,24.276960867651947,24.276960867651947,23.511430740356445,23.511430740356445,30900
2022-08-28 20:00:00-04:00,23.511429699119933,23.511429699119933,23.368002840933872,23.37944221496582,1800
2022-08-29 20:00:00-04:00,23.48503156210901,23.48503156210901,23.08026807033841,23.089067459106445,3500
2022-08-30 20:00:00-04:00,23.150661172051045,23.150661172051045,22.950040817260746,22.950040817260746,18400
2022-08-31 20:00:00-04:00,22.70454406738281,22.70454406738281,22.70454406738281,22.70454406738281,400
2022-09-01 20:00:00-04:00,22.88668645817928,23.09786675280753,22.759097839035604,22.761737823486328,3600
2022-09-05 20:00:00-04:00,22.666707226433005,22.666707226433005,22.44936752319336,22.44936752319336,1300
2022-09-06 20:00:00-04:00,22.138757229753008,22.455528539906886,22.138757229753008,22.451128005981445,3100
2022-09-07 20:00:00-04:00,22.50832201634972,22.689584732055664,22.50832201634972,22.689584732055664,3000
2022-09-08 20:00:00-04:00,23.265051333392844,23.42431640625,23.265051333392844,23.42431640625,4300
2022-09-11 20:00:00-04:00,23.86339906776452,23.86339906776452,22.83829283984281,23.6610164642334,10500
2022-09-12 20:00:00-04:00,23.17705834744974,23.17705834744974,22.671104431152344,22.671104431152344,27200
2022-09-13 20:00:00-04:00,22.631510898091268,22.718623678177703,22.53472097148757,22.640310287475582,4800
2022-09-14 20:00:00-04:00,22.728302322196797,22.728302322196797,22.416810989379883,22.416810989379883,1700
2022-09-15 20:00:00-04:00,22.24434834297607,22.266345977783203,22.20915078463509,22.266345977783203,1400
2022-09-18 20:00:00-04:00,22.077163928606627,22.422971725463867,22.05956514893304,22.422971725463867,3300
2022-09-19 20:00:00-04:00,22.209152768928604,22.209152768928604,22.18363571166992,22.18363571166992,500
2022-09-20 20:00:00-04:00,22.059562157179847,22.138754976658745,21.764790190028663,21.77798843383789,11100
2022-09-21 20:00:00-04:00,21.77799092177137,21.839584971,21.540412436193535,21.731355667114254,4400
2022-09-22 20:00:00-04:00,21.20604448477292,21.20604448477292,20.792481553803366,20.90599250793457,16900
2022-09-25 20:00:00-04:00,20.91567078789719,20.924470177508805,20.590100085515324,20.642894744873047,11000
2022-09-26 20:00:00-04:00,20.73088631149531,20.836477305205975,20.418515542498785,20.526744842529297,1500
2022-09-27 20:00:00-04:00,20.62529669165323,21.126850128173828,20.62529669165323,21.126850128173828,3200
2022-09-28 20:00:00-04:00,20.810076847255207,20.880470275878903,20.76608158373229,20.880470275878903,24600
2022-09-29 20:00:00-04:00,20.72208642497498,20.871672683460787,20.493309020996094,20.493309020996094,4400
2022-10-02 20:00:00-04:00,21.140048227112835,21.140048227112835,21.08725357055664,21.08725357055664,600
2022-10-03 20:00:00-04:00,21.733996608364468,21.874783492315142,21.733996608364468,21.82198715209961,4100
2022-10-04 20:00:00-04:00,21.681199772061387,21.874782991798224,21.646003891035058,21.745433807373047,7500
2022-10-05 20:00:00-04:00,21.514015403776277,21.514015403776277,21.4172237983905,21.42778205871582,1400
2022-10-06 20:00:00-04:00,21.355627316168604,21.355627316168604,21.00366017076999,21.06525421142578,2400
2022-10-09 20:00:00-04:00,20.81007918105008,20.827677959757597,20.74408627836478,20.79424095153809,24700
2022-10-10 20:00:00-04:00,20.66929125383419,20.854075064214857,20.538183212280277,20.538183212280277,2200
2022-10-11 20:00:00-04:00,20.44051232422173,20.54610331352879,20.44051232422173,20.537303924560547,6300
2022-10-12 20:00:00-04:00,20.1237434196354,21.05645686497037,20.1237434196354,21.021259307861328,2400
2022-10-13 20:00:00-04:00,21.0036623194088,21.0036623194088,20.42643547058105,20.42643547058105,8900
2022-10-16 20:00:00-04:00,20.60769624116549,20.999259798316423,20.60769624116549,20.878711700439453,19600
2022-10-17 20:00:00-04:00,21.197244862979726,21.197244862979726,20.85759647472925,21.030059814453125,3400
2022-10-18 20:00:00-04:00,20.880470784554024,20.9508642148926,20.766082089620756,20.835596084594727,3300
2022-10-19 20:00:00-04:00,20.84527597763925,21.162045591253225,20.74848437659261,20.862873077392575,22500
2022-10-20 20:00:00-04:00,20.651694265328544,21.34067153930664,20.5813008263016,21.34067153930664,1100
2022-10-23 20:00:00-04:00,21.109250199486542,21.32043049397125,21.056455545443317,21.179643630981445,11100
2022-10-24 20:00:00-04:00,21.500814874269537,21.619604110717773,21.500814874269537,21.619604110717773,800
2022-10-25 20:00:00-04:00,22.059562455673795,22.059562455673795,21.857181549072266,21.857181549072266,2700
2022-10-26 20:00:00-04:00,21.90997625635404,21.989169077096157,21.69087600708008,21.69087600708008,1300
2022-10-27 20:00:00-04:00,21.57561098652071,21.79559070291269,21.57561098652071,21.760393142700195,5700
2022-10-30 20:00:00-04:00,21.53161107679784,21.733993663578723,21.53161107679784,21.68999671936035,9700
2022-10-31 20:00:00-04:00,22.27954487260013,22.34113892318076,22.02348816663323,22.093881607055664,40100
2022-11-01 20:00:00-04:00,22.094761429288237,22.094761429288237,21.57560920715332,21.57560920715332,9200
2022-11-02 20:00:00-04:00,21.13565037733616,21.30283374410405,21.13565037733616,21.24036026000977,2000
2022-11-03 20:00:00-04:00,22.39393402694736,22.39393402694736,22.004129302186463,22.31298065185547,3000
2022-11-06 19:00:00-05:00,22.33233769486143,22.33233769486143,22.15195441373424,22.25930595397949,3000
2022-11-07 19:00:00-05:00,22.358737045298348,22.67550835703912,22.358737045298348,22.47136688232422,9900
2022-11-08 19:00:00-05:00,22.4819248889294,22.4819248889294,22.04196548461914,22.04196548461914,1600
2022-11-09 19:00:00-05:00,22.833892728164884,23.388240814208984,22.833892728164884,23.388240814208984,5700
2022-11-10 19:00:00-05:00,23.731408360226915,23.86251640319824,23.674214849194044,23.86251640319824,900
2022-11-13 19:00:00-05:00,23.652214692014297,23.757805677928943,23.563343048095703,23.563343048095703,8100
2022-11-14 19:00:00-05:00,23.91619610661402,24.021785435360044,23.775409216077904,23.88275909423828,5500
2022-11-15 19:00:00-05:00,23.8281999977243,23.8281999977243,23.66981435210156,23.760446548461918,10100
2022-11-16 19:00:00-05:00,23.529029626050196,23.69621467590332,23.4630367199088,23.69621467590332,1500
2022-11-17 19:00:00-05:00,23.79300209435782,23.81059919257522,23.7226069882414,23.740205764770508,1700
2022-11-20 19:00:00-05:00,23.397042070528023,23.44983673095703,23.397042070528023,23.44983673095703,900
2022-11-21 19:00:00-05:00,23.70325418556353,23.831722259521484,23.70325418556353,23.831722259521484,2600
2022-11-22 19:00:00-05:00,24.056097367162813,24.21624186845905,24.056097367162813,24.19512367248535,2100
2022-11-24 19:00:00-05:00,24.24792128541497,24.24792128541497,24.24616241455078,24.24616241455078,300
2022-11-27 19:00:00-05:00,24.09305621661888,24.09305621661888,23.799163670665884,23.8000431060791,3600
2022-11-28 19:00:00-05:00,24.02178160702057,24.21536480939056,24.02178160702057,24.04730033874512,5100
2022-11-29 19:00:00-05:00,24.35615269791255,24.78643327387069,24.23296460274283,24.73451805114746,2200
2022-11-30 19:00:00-05:00,24.73451538924836,24.826906450682632,24.73451538924836,24.80314826965332,1700
2022-12-01 19:00:00-05:00,24.594609536646427,24.690520023931025,24.594609536646427,24.66412353515625,2900
2022-12-04 19:00:00-05:00,24.5629328012822,24.5629328012822,24.07457762472403,24.153770446777344,6400
2022-12-05 19:00:00-05:00,24.31215298598601,24.31215298598601,23.962825825374544,24.025300979614254,30500
2022-12-06 19:00:00-05:00,23.9953862607444,24.11857435661868,23.94258992395948,24.11593437194824,62300
2022-12-07 19:00:00-05:00,24.118570841447568,24.19512367248535,24.118570841447568,24.19512367248535,1700
2022-12-08 19:00:00-05:00,24.303357561104686,24.35615221823597,24.183687210083008,24.183687210083008,5600
2022-12-11 19:00:00-05:00,24.065778300686308,24.19248580932617,24.039380133826743,24.19248580932617,5800
2022-12-12 19:00:00-05:00,24.84890664102788,24.84890664102788,24.505738847048537,24.549734115600582,3300
2022-12-13 19:00:00-05:00,24.52333535750713,24.59372878766651,24.26199872007446,24.43182373046875,8300
2022-12-14 19:00:00-05:00,23.97778599130119,23.99978362443818,23.66541523714513,23.700611114501957,6300
2022-12-15 19:00:00-05:00,23.532841236528498,23.62213706970215,23.08184773137525,23.62213706970215,31900
2022-12-18 19:00:00-05:00,23.740299852836976,23.741201344447607,23.60590362548828,23.60590362548828,2200
2022-12-19 19:00:00-05:00,23.40656944127912,23.532847103676065,23.39754936247875,23.42641258239746,2500
2022-12-20 19:00:00-05:00,23.65912160898948,24.32659186751226,23.65912160898948,23.80253791809082,8200
2022-12-21 19:00:00-05:00,23.650098702733448,23.650098702733448,23.293815142497262,23.43091583251953,6200
2022-12-22 19:00:00-05:00,23.532843614184973,23.72226007969338,23.532843614184973,23.71594619750977,3700
2022-12-26 19:00:00-05:00,23.848540024147532,23.9748176708929,23.70422222203743,23.79351806640625,12900
2022-12-27 19:00:00-05:00,23.81245756201308,23.81245756201308,23.483232498168945,23.483232498168945,10400
2022-12-28 19:00:00-05:00,23.75382679671823,23.76735777157992,23.731277465820312,23.731277465820312,1200
2022-12-29 19:00:00-05:00,23.632064843614376,23.695203671055143,23.595984530560216,23.655515670776367,6200
2023-01-02 19:00:00-05:00,23.325385508685827,23.505781885246023,23.23067556155769,23.32718849182129,10100
2023-01-03 19:00:00-05:00,24.00187818768128,24.04697685622236,23.947757720947266,23.947757720947266,15700
2023-01-04 19:00:00-05:00,23.74030032079185,23.74030032079185,23.595982521670013,23.643787384033203,3700
2023-01-05 19:00:00-05:00,23.857560624373868,24.425811767578125,23.857560624373868,24.425811767578125,2100
2023-01-08 19:00:00-05:00,24.63326601957968,24.70001424536672,24.443849563598636,24.443849563598636,3400
2023-01-09 19:00:00-05:00,24.425812461501117,24.48895128805044,24.37169371308797,24.482637405395508,2700
2023-01-10 19:00:00-05:00,24.67836541261687,24.795622968214943,24.66934533597029,24.787506103515625,10400
2023-01-11 19:00:00-05:00,25.17445971864518,25.32328841531993,24.95798302199416,25.305248260498047,6700
2023-01-12 19:00:00-05:00,25.192500493435336,25.49015617370605,25.192500493435336,25.49015617370605,7000
2023-01-16 19:00:00-05:00,25.57133462010423,25.675062930119356,25.57133462010423,25.60831642150879,7000
2023-01-17 19:00:00-05:00,25.887029908715725,25.887029908715725,25.318777084350582,25.318777084350582,5000
2023-01-18 19:00:00-05:00,25.44505523534591,25.5578036227136,25.34583782433697,25.52443122863769,4400
2023-01-19 19:00:00-05:00,25.67957053877345,25.841928482055664,25.657021206740648,25.841928482055664,2900
2023-01-22 19:00:00-05:00,25.751731176088764,26.04938685211333,25.751731176088764,26.042171478271484,8600
2023-01-23 19:00:00-05:00,25.950168245882544,26.16664493480832,25.950168245882544,26.126956939697266,6500
2023-01-24 19:00:00-05:00,26.12154675371345,26.41018408370919,26.12154675371345,26.365083694458008,13900
2023-01-25 19:00:00-05:00,26.482339329990868,26.518417916006914,26.31998139190941,26.512104034423828,1500
2023-01-26 19:00:00-05:00,26.383124856831685,26.471519214571256,26.383124856831685,26.429126739501957,1000
2023-01-29 19:00:00-05:00,26.27488287630467,26.29743392962162,26.19731330871582,26.19731330871582,2100
2023-01-30 19:00:00-05:00,26.12154662908167,26.35786819458008,26.12154662908167,26.35786819458008,2800
2023-01-31 19:00:00-05:00,26.37410427722928,26.671759970369816,26.16213674470055,26.62666130065918,5900
2023-02-01 19:00:00-05:00,26.338023748575143,26.45528131344176,26.338023748575143,26.430927276611328,2400
2023-02-02 19:00:00-05:00,26.19370736874008,26.31998501779802,26.00428917474922,26.022329330444336,5200
2023-02-05 19:00:00-05:00,25.75173164657412,25.760751724243164,25.607413844677268,25.760751724243164,2900
2023-02-06 19:00:00-05:00,25.6434957640968,26.00970268249512,25.55329670215166,26.00970268249512,4900
2023-02-07 19:00:00-05:00,25.959191229719675,25.98624974361287,25.787813186645508,25.787813186645508,9500
2023-02-08 19:00:00-05:00,26.157622287147923,26.157622287147923,25.679568570830607,25.70662879943848,4500
2023-02-09 19:00:00-05:00,25.580353673691423,25.58937375077569,25.499174700336816,25.57674598693848,3100
2023-02-12 19:00:00-05:00,25.805852343712253,25.86808967590332,25.805852343712253,25.86808967590332,800
2023-02-13 19:00:00-05:00,25.58937688802728,25.85997235211505,25.58937688802728,25.85816764831543,9700
2023-02-14 19:00:00-05:00,25.129361843285334,25.34583854675293,25.129361843285334,25.34583854675293,2100
2023-02-15 19:00:00-05:00,25.21053767954368,25.45407286533466,25.21053767954368,25.26285171508789,6600
2023-02-16 19:00:00-05:00,24.95798305231925,25.11312391092592,24.95798305231925,25.09779167175293,2300
2023-02-20 19:00:00-05:00,25.04367088868895,25.04818178754445,24.83170509338379,24.83170509338379,2800
2023-02-21 19:00:00-05:00,24.84072748796177,24.84072748796177,24.669349443946118,24.678369522094727,2300
2023-02-22 19:00:00-05:00,24.67836896899144,24.712644577026367,24.50248175004554,24.712644577026367,900
2023-02-23 19:00:00-05:00,24.236392014719552,24.279685974121094,24.17325147810139,24.279685974121094,3200
2023-02-26 19:00:00-05:00,24.33561099919488,24.37169130817936,24.33561099919488,24.36537742614746,2400
2023-02-27 19:00:00-05:00,24.20933655424041,24.345535781706623,24.20933655424041,24.23639678955078,4500
2023-02-28 19:00:00-05:00,24.409575180480523,24.46189094158981,24.409575180480523,24.442949295043945,2600
2023-03-01 19:00:00-05:00,24.290513690231336,24.42761611938477,24.290513690231336,24.42761611938477,700
2023-03-02 19:00:00-05:00,24.62425000074766,24.80554962158203,24.600799172982075,24.80554962158203,4700
2023-03-05 19:00:00-05:00,24.651309954858853,24.651309954858853,24.56742477416992,24.56742477416992,400
2023-03-06 19:00:00-05:00,24.380710587601257,24.380710587601257,24.04697462203112,24.0614070892334,4400
2023-03-07 19:00:00-05:00,24.17325488972409,24.202119827270508,24.17325488972409,24.202119827270508,900
2023-03-08 19:00:00-05:00,24.344632541643712,24.344632541643712,23.947757720947266,23.947757720947266,3300
2023-03-09 19:00:00-05:00,23.84402823976681,23.86567608131993,23.505783081054688,23.505783081054688,6400
2023-03-12 20:00:00-04:00,23.35244584140775,23.490449759805816,23.35244584140775,23.399349212646484,1900
2023-03-13 20:00:00-04:00,23.63206169714108,23.67716036205013,23.56892115770309,23.660924911499023,3000
2023-03-14 20:00:00-04:00,23.090869103867536,23.217146741868408,22.892430849404693,23.05027961730957,9900
2023-03-15 20:00:00-04:00,23.20000923874337,23.31997299194336,23.20000923874337,23.31997299194336,2000
2023-03-16 20:00:00-04:00,23.226166681128067,23.26224698914499,23.218048095703125,23.218048095703125,800
2023-03-19 20:00:00-04:00,23.487745605068625,23.54366733425829,23.43452835083008,23.43452835083008,500
2023-03-20 20:00:00-04:00,23.3795073164847,23.51029586791992,23.3795073164847,23.51029586791992,1700
2023-03-21 20:00:00-04:00,23.47872520729905,23.47872520729905,23.399349212646484,23.399349212646484,1400
2023-03-22 20:00:00-04:00,23.568918753647008,23.568918753647008,23.23518453839216,23.271263122558597,3100
2023-03-23 20:00:00-04:00,23.054789425243708,23.27126611933005,23.054789425243708,23.235187530517575,3400
2023-03-26 20:00:00-04:00,23.31636879660962,23.373193740844727,23.25322996968173,23.373193740844727,1100
2023-03-27 20:00:00-04:00,23.53284300324752,23.62304205513057,23.53284300324752,23.58696174621582,1700
2023-03-28 20:00:00-04:00,23.830498299646138,23.857558530911444,23.812458145469265,23.82418441772461,4700
2023-03-29 20:00:00-04:00,24.14619513536165,24.14619513536165,24.10921333385916,24.1191349029541,1400
2023-03-30 20:00:00-04:00,24.20031380088532,24.27247269999969,24.19580462236736,24.21925544738769,3800
2023-04-02 20:00:00-04:00,24.53405049040936,24.651308059692383,24.48895010191288,24.651308059692383,8800
2023-04-03 20:00:00-04:00,24.570129224946676,24.570129224946676,24.434831499471315,24.4555778503418,1800
2023-04-04 20:00:00-04:00,24.40777003065737,24.40777003065737,24.299532543917795,24.400554656982425,3600
2023-04-05 20:00:00-04:00,24.17325395907384,24.461891280598003,24.17325395907384,24.38522148132324,3200
2023-04-09 20:00:00-04:00,24.40776942886764,24.40776942886764,24.191292740322037,24.32749366760254,1700
2023-04-10 20:00:00-04:00,24.48534223861581,24.5087947845459,24.47992984795442,24.5087947845459,700
2023-04-11 20:00:00-04:00,24.7460151475416,24.777584557823413,24.64048385620117,24.64048385620117,2900
2023-04-12 20:00:00-04:00,24.87680630179716,25.04367344802325,24.849746067110225,25.012104034423828,2600
2023-04-13 20:00:00-04:00,24.813666400794823,24.813666400794823,24.741507498489657,24.7893123626709,1100
2023-04-16 20:00:00-04:00,24.66934692251679,24.78029060363769,24.651306768063428,24.78029060363769,4300
2023-04-17 20:00:00-04:00,24.86327599178394,24.901159286499023,24.858765092658462,24.901159286499023,700
2023-04-18 20:00:00-04:00,24.7234661108223,24.87590249401257,24.7234661108223,24.82268524169922,1600
2023-04-19 20:00:00-04:00,24.86778369415454,24.95798274686577,24.7685645641318,24.79923248291016,6000
2023-04-20 20:00:00-04:00,24.70542598614791,24.70542598614791,24.588168420753647,24.6152286529541,1600
2023-04-23 20:00:00-04:00,24.5737384432317,24.660329818725582,24.5737384432317,24.660329818725582,1800
2023-04-24 20:00:00-04:00,24.461889656293863,24.461889656293863,24.281491557370437,24.30855178833008,4600
2023-04-25 20:00:00-04:00,24.23639350976549,24.23639350976549,24.14619445800781,24.14619445800781,900
2023-04-26 20:00:00-04:00,24.38973284461082,24.423105239868164,24.38973284461082,24.423105239868164,600
2023-04-27 20:00:00-04:00,24.200311425105,24.41678810119629,24.1732511954422,24.41678810119629,7200
2023-04-30 20:00:00-04:00,24.57012897884272,24.57012897884272,24.362672353831545,24.380712509155277,4600
2023-05-01 20:00:00-04:00,24.218351785507977,24.218351785507977,24.11913266296549,24.17686080932617,2600
2023-05-02 20:00:00-04:00,24.028934560765236,24.07403494569386,23.956775665283203,23.956775665283203,6700
2023-05-03 20:00:00-04:00,23.929717952495565,23.99736595153809,23.929717952495565,23.99736595153809,300
2023-05-04 20:00:00-04:00,24.579148502520376,24.67385673522949,24.579148502520376,24.67385673522949,7700
2023-05-07 20:00:00-04:00,24.74150579685795,24.74150579685795,24.68738705395215,24.6964054107666,1200
2023-05-08 20:00:00-04:00,24.4979681244174,24.53224372863769,24.4979681244174,24.53224372863769,800
2023-05-09 20:00:00-04:00,24.42581193691621,24.656721115112305,24.42581193691621,24.656721115112305,2000
2023-05-10 20:00:00-04:00,24.37259292602539,24.37259292602539,24.37259292602539,24.37259292602539,200
2023-05-11 20:00:00-04:00,24.227373123168945,24.227373123168945,24.227373123168945,24.227373123168945,700
2023-05-14 20:00:00-04:00,24.33561361520305,24.5520903311691,24.33561361520305,24.5340518951416,4300
2023-05-15 20:00:00-04:00,24.26345323736665,24.26345323736665,24.089370727539062,24.089370727539062,1500
2023-05-16 20:00:00-04:00,24.159724907983435,24.292316436767575,24.159724907983435,24.292316436767575,900
2023-05-17 20:00:00-04:00,24.055995342115523,24.213842391967773,24.055995342115523,24.213842391967773,8900
2023-05-18 20:00:00-04:00,24.382515405503543,24.382515405503543,24.36447525024414,24.36447525024414,700
2023-05-21 20:00:00-04:00,24.316667996997506,24.331100463867188,24.316667996997506,24.331100463867188,200
2023-05-22 20:00:00-04:00,24.20031385885906,24.20031385885906,24.035249710083008,24.035249710083008,600
2023-05-23 20:00:00-04:00,23.812456728010478,23.812456728010478,23.60049095046296,23.62213706970215,1600
2023-05-24 20:00:00-04:00,23.45166584764561,23.45166584764561,23.33440827538513,23.40025329589844,2300
2023-05-25 20:00:00-04:00,23.605004626546897,23.76736259460449,23.605004626546897,23.76736259460449,4900
2023-05-29 20:00:00-04:00,23.73128055742432,23.73128055742432,23.52472542513142,23.56260871887207,1700
2023-05-30 20:00:00-04:00,23.13596972628028,23.32538791971199,22.93753317543156,23.157617568969727,18400
2023-05-31 20:00:00-04:00,23.307345263757632,23.75743729243579,23.307345263757632,23.695199966430664,2300
2023-06-01 20:00:00-04:00,23.9838365127855,24.08576011657715,23.9838365127855,24.08576011657715,1500
2023-06-04 20:00:00-04:00,24.065013592208427,24.092072101326544,23.938735961914062,23.938735961914062,2700
2023-06-05 20:00:00-04:00,23.94775865581791,24.07944869995117,23.90265998551627,24.07944869995117,1100
2023-06-06 20:00:00-04:00,23.881011160410228,23.881011160410228,23.81245994567871,23.81245994567871,800
2023-06-07 20:00:00-04:00,24.074037236847364,24.155216217041016,24.074037236847364,24.155216217041016,300
2023-06-08 20:00:00-04:00,24.24541231983305,24.24541231983305,24.128154754638672,24.128154754638672,2500
2023-06-11 20:00:00-04:00,24.254432678222656,24.272472833201217,24.17325370122301,24.254432678222656,7400
2023-06-12 20:00:00-04:00,24.58816741589871,24.65581541302947,24.579147338867188,24.579147338867188,3300
2023-06-13 20:00:00-04:00,24.750528881464376,24.750528881464376,24.660329818725582,24.660329818725582,1600
2023-06-14 20:00:00-04:00,24.876806737034844,25.02653694152832,24.876806737034844,25.02653694152832,1200
2023-06-15 20:00:00-04:00,25.35053218343358,25.36888750133778,25.222034454345703,25.222034454345703,4400
2023-06-19 20:00:00-04:00,25.20367436995793,25.20367436995793,25.01735522348365,25.18072891235352,1600
2023-06-20 20:00:00-04:00,24.82736373951404,25.06783676147461,24.82736373951404,25.06783676147461,7400
2023-06-21 20:00:00-04:00,24.45105255691722,24.51530053951215,24.45105255691722,24.502450942993164,2100
2023-06-22 20:00:00-04:00,23.85446298869109,23.982958959765284,23.83610592121583,23.908615112304688,7300
2023-06-25 20:00:00-04:00,23.94165621690405,23.953588485717773,23.90035544139741,23.953588485717773,1100
2023-06-26 20:00:00-04:00,24.04261631236764,24.184880946098776,23.94624434304629,24.13715362548828,16200
2023-06-27 20:00:00-04:00,23.982957098500915,24.028849763627434,23.943490982055664,23.943490982055664,4100
2023-06-28 20:00:00-04:00,24.1316473751644,24.1316473751644,24.12063418552517,24.121551513671875,1300
2023-06-29 20:00:00-04:00,24.304201440038074,24.32898330688477,24.304201440038074,24.32898330688477,900
2023-07-02 20:00:00-04:00,24.4886866194725,24.50612635981567,24.46023368835449,24.46023368835449,4700
2023-07-04 20:00:00-04:00,24.388643436468268,24.388643436468268,24.30879211425781,24.30879211425781,2400
2023-07-05 20:00:00-04:00,23.725967035103263,23.74432410259205,23.689252900125684,23.735145568847656,2000
2023-07-06 20:00:00-04:00,23.78103646941636,24.012330967976222,23.73514555135452,23.908615112304688,1900
2023-07-09 20:00:00-04:00,23.65253887881668,23.7718563079834,23.63509914072141,23.7718563079834,2700
2023-07-10 20:00:00-04:00,23.937984766708595,24.14725112915039,23.937984766708595,24.14725112915039,300
2023-07-11 20:00:00-04:00,24.64380009988828,24.680512485279166,24.64380009988828,24.65205955505371,2500
2023-07-12 20:00:00-04:00,25.30739021301269,25.30739021301269,25.30739021301269,25.30739021301269,400
2023-07-13 20:00:00-04:00,25.29545965551655,25.31381672308754,25.16788101196289,25.16788101196289,19300
2023-07-16 20:00:00-04:00,25.091702090102565,25.095373153686523,25.091702090102565,25.095373153686523,400
2023-07-17 20:00:00-04:00,25.17614226647127,25.27618530886281,25.139428131257954,25.2027587890625,9300
2023-07-18 20:00:00-04:00,25.04305442056932,25.065082550048828,25.04305442056932,25.065082550048828,300
2023-07-19 20:00:00-04:00,25.25874647865693,25.25874647865693,25.08435784345555,25.093536376953125,1200
2023-07-20 20:00:00-04:00,24.973299609371068,24.976970672607425,24.973299609371068,24.976970672607425,200
2023-07-23 20:00:00-04:00,24.954942115769683,25.05682155899765,24.954942115769683,25.020109176635746,1600
2023-07-24 20:00:00-04:00,25.27067672006284,25.27710151793312,25.26608657836914,25.26608657836914,700
2023-07-25 20:00:00-04:00,25.249569352171843,25.333091735839844,25.249569352171843,25.333091735839844,300
2023-07-26 20:00:00-04:00,25.40560085724701,25.40560085724701,25.0788516998291,25.0788516998291,1700
2023-07-27 20:00:00-04:00,24.98339631948891,25.07517990602017,24.97054672241211,24.97054672241211,4100
2023-07-30 20:00:00-04:00,25.2220329167388,25.26792558526758,25.221115588556117,25.22386932373047,2800
2023-07-31 20:00:00-04:00,24.579551780526632,24.845722260551472,24.579551780526632,24.76495361328125,1200
2023-08-01 20:00:00-04:00,24.16836023461942,24.16836023461942,24.09309731552667,24.102275848388672,7600
2023-08-02 20:00:00-04:00,24.02885033593474,24.24912988191003,24.02885033593474,24.18947029113769,2900
2023-08-03 20:00:00-04:00,24.52447758686188,24.584137174496423,24.296855926513672,24.296855926513672,800
2023-08-06 20:00:00-04:00,24.280336482231125,24.35927046742436,24.279417403470752,24.3500919342041,2100
2023-08-07 20:00:00-04:00,24.04720645368392,24.194976806640625,23.95542287549215,24.194976806640625,13600
2023-08-08 20:00:00-04:00,24.269321972090005,24.33173529884302,24.24913024902344,24.24913024902344,3200
2023-08-09 20:00:00-04:00,24.52356191985415,24.52356191985415,24.24913024902344,24.24913024902344,900
2023-08-10 20:00:00-04:00,24.11145714507621,24.11145714507621,24.03803062438965,24.03803062438965,300
2023-08-13 20:00:00-04:00,23.90035613340175,23.96001397794508,23.90035613340175,23.91136932373047,3600
2023-08-14 20:00:00-04:00,23.716787552954425,23.716787552954425,23.67181396484375,23.67181396484375,700
2023-08-15 20:00:00-04:00,23.51761670092153,23.51761670092153,23.380861282348636,23.380861282348636,600
2023-08-16 20:00:00-04:00,23.352406551582792,23.352406551582792,23.147728602341115,23.19729232788086,2300
2023-08-17 20:00:00-04:00,23.184444956207862,23.22115733922526,23.184444956207862,23.211061477661133,1600
2023-08-20 20:00:00-04:00,23.21106242398611,23.280817880251995,23.088073922643357,23.27439308166504,16500
2023-08-21 20:00:00-04:00,23.33129980259931,23.33129980259931,23.17526822374115,23.19913101196289,1500
2023-08-22 20:00:00-04:00,23.322120011305515,23.560756633791232,23.286324955589222,23.52587890625,5600
2023-08-23 20:00:00-04:00,23.15782791084364,23.15782791084364,23.1156063079834,23.1156063079834,400
2023-08-24 20:00:00-04:00,23.13855291408704,23.349655686987024,23.13855291408704,23.30743408203125,6600
2023-08-27 20:00:00-04:00,23.358833620894877,23.4992618560791,23.358833620894877,23.4992618560791,1900
2023-08-28 20:00:00-04:00,23.39554716326485,23.957260131835938,23.39554716326485,23.957260131835938,1600
2023-08-29 20:00:00-04:00,24.12063551667443,24.12063551667443,24.056385779708,24.06005859375,2500
2023-08-30 20:00:00-04:00,23.973782897975028,24.090346603634835,23.973782897975028,24.074743270874023,1700
2023-08-31 20:00:00-04:00,24.12981357519284,24.12981357519284,23.92421827232822,24.046289443969727,2700
2023-09-04 20:00:00-04:00,23.94624621005224,23.94624621005224,23.84528409110517,23.848955154418945,9400
2023-09-05 20:00:00-04:00,23.64336056313001,23.744322677633036,23.56993404820768,23.611236572265625,3000
2023-09-06 20:00:00-04:00,23.46897411208902,23.490084915456343,23.432261726533323,23.4744815826416,3800
2023-09-07 20:00:00-04:00,23.312940485600592,23.455205124862932,23.312940485600592,23.427669525146484,5400
2023-09-10 20:00:00-04:00,23.80398225720969,23.81775093331945,23.781036797861866,23.80673599243164,1400
2023-09-11 20:00:00-04:00,23.79939196083148,23.79939196083148,23.748910903930664,23.748910903930664,4300
2023-09-12 20:00:00-04:00,23.67089664026385,23.67089664026385,23.560755990345207,23.613990783691406,1600
2023-09-13 20:00:00-04:00,23.91412088144533,24.06831603576508,23.91412088144533,24.04812431335449,2000
2023-09-14 20:00:00-04:00,24.12063510213877,24.12063510213877,23.96552085876465,23.96552085876465,400
2023-09-17 20:00:00-04:00,23.840695271724364,23.901272191880103,23.81774981345539,23.892093658447266,1200
2023-09-18 20:00:00-04:00,23.9646024743314,23.9646024743314,23.90035449192722,23.90127182006836,1400
2023-09-19 20:00:00-04:00,24.05638640000579,24.11145760453989,23.810407638549805,23.810407638549805,700
2023-09-20 20:00:00-04:00,23.39554576839504,23.39554576839504,23.07155036926269,23.07155036926269,4600
2023-09-21 20:00:00-04:00,23.51486716720033,23.524043950769684,23.396465301513672,23.396465301513672,14600
2023-09-24 20:00:00-04:00,23.34506585388462,23.400137056566493,23.34506585388462,23.390039443969727,7900
2023-09-25 20:00:00-04:00,23.14773051344088,23.14773051344088,23.070632934570312,23.070632934570312,400
2023-09-26 20:00:00-04:00,23.101840776602508,23.151404508763715,22.962329864501957,22.962329864501957,1500
2023-09-27 20:00:00-04:00,23.07430497569828,23.377189584545405,23.07430497569828,23.35332679748535,2500
2023-09-28 20:00:00-04:00,23.56075736130056,23.56075736130056,23.22115860903152,23.230337142944336,17100
2023-10-01 20:00:00-04:00,22.835666550799687,22.835666550799687,22.762240037798765,22.77692604064941,1900
2023-10-02 20:00:00-04:00,22.4410044308002,22.551143346059423,22.422647361381497,22.46853828430176,12600
2023-10-03 20:00:00-04:00,22.579591751098636,22.579591751098636,22.579591751098636,22.579591751098636,200
2023-10-04 20:00:00-04:00,22.551139558142296,22.74571990966797,22.551139558142296,22.74571990966797,8000
2023-10-05 20:00:00-04:00,22.64292593601944,23.111020681629963,22.61630941198401,23.05136108398437,3500
2023-10-08 20:00:00-04:00,22.91827290008205,23.14222526550293,22.91827290008205,23.14222526550293,4500
2023-10-09 20:00:00-04:00,23.45704243408859,23.45704243408859,23.377191111568656,23.420330047607425,5100
2023-10-10 20:00:00-04:00,23.514864713813772,23.514864713813772,23.400135674276605,23.438684463500977,1800
2023-10-11 20:00:00-04:00,23.239512815447696,23.239512815447696,22.844844658922337,22.866872787475582,2300
2023-10-12 20:00:00-04:00,22.780598850044395,22.7989559173584,22.780598850044395,22.7989559173584,2300
2023-10-15 20:00:00-04:00,22.88155978375094,23.149566650390625,22.88155978375094,23.149566650390625,4200
2023-10-16 20:00:00-04:00,23.04676856137276,23.222074508666992,23.04676856137276,23.222074508666992,6000
2023-10-17 20:00:00-04:00,22.954988116819457,22.968755042368777,22.89532852172852,22.89532852172852,500
2023-10-18 20:00:00-04:00,22.72552952410464,22.74388659151992,22.615388870239254,22.615388870239254,3500
2023-10-19 20:00:00-04:00,22.25743447780292,22.25743447780292,22.208789825439453,22.208789825439453,1300
2023-10-22 20:00:00-04:00,22.138115353490097,22.359312218610864,22.138115353490097,22.26844596862793,3400
2023-10-23 20:00:00-04:00,22.468536263708547,22.52544212341309,22.468536263708547,22.52544212341309,700
2023-10-24 20:00:00-04:00,22.35839712763421,22.38593097837552,22.187679550282244,22.23540687561035,32600
2023-10-25 20:00:00-04:00,22.15647432161261,22.202366993533232,22.15647432161261,22.17483139038086,1100
2023-10-26 20:00:00-04:00,22.156470829728505,22.165649362666084,22.018796336917145,22.072948455810547,4700
2023-10-29 20:00:00-04:00,22.372163668319565,22.372163668319565,22.23907755660387,22.360231399536133,4600
2023-10-30 20:00:00-04:00,22.165650255877846,22.274871826171875,22.15555439442752,22.274871826171875,9600
2023-10-31 20:00:00-04:00,22.450179223920387,22.733789443969727,22.450179223920387,22.733789443969727,2500
2023-11-01 20:00:00-04:00,23.028415660978837,23.144062042236328,23.00088005803001,23.144062042236328,5200
2023-11-02 20:00:00-04:00,23.41390614662327,23.459797069141292,23.358836689476345,23.437768936157227,5600
2023-11-05 19:00:00-05:00,23.37535328412141,23.40472353944742,23.34322929382324,23.34322929382324,2300
2023-11-06 19:00:00-05:00,23.07889540723144,23.120197933984212,23.065126731229636,23.100923538208008,2200
2023-11-07 19:00:00-05:00,23.25787104937013,23.34965463118172,23.129375085209634,23.185361862182617,3300
2023-11-08 19:00:00-05:00,23.294583065572287,23.35424265540601,22.982521693319843,23.010055541992188,6900
2023-11-09 19:00:00-05:00,22.849436959011445,22.98344039916992,22.771420298302036,22.98344039916992,3700
2023-11-12 19:00:00-05:00,23.10184086639936,23.111019400191783,23.060538339646577,23.100923538208008,6700
2023-11-13 19:00:00-05:00,23.807652893651465,23.84528435663269,23.807652893651465,23.83885955810547,5800
2023-11-14 19:00:00-05:00,23.97377999869222,24.0104923796812,23.90953026836575,23.91870880126953,2900
2023-11-15 19:00:00-05:00,23.70761194689396,23.70761194689396,23.597471283392213,23.632349014282227,1400
2023-11-16 19:00:00-05:00,23.75533844148245,23.858135223388672,23.75350203439424,23.858135223388672,1900
2023-11-19 19:00:00-05:00,23.826926113918965,24.054549536942478,23.826926113918965,24.016000747680664,4100
2023-11-20 19:00:00-05:00,24.10227856506792,24.10227856506792,23.992137908935547,23.992137908935547,2800
2023-11-21 19:00:00-05:00,23.907695770263672,23.907695770263672,23.907695770263672,23.907695770263672,200
2023-11-23 19:00:00-05:00,24.07933266883428,24.09309959411621,24.047208676092225,24.09309959411621,7500
2023-11-26 19:00:00-05:00,23.90953063964844,23.94440836497395,23.900353857228303,23.90953063964844,3500
2023-11-27 19:00:00-05:00,24.12063444681461,24.169279098510746,24.12063444681461,24.169279098510746,1500
2023-11-28 19:00:00-05:00,24.093102034713628,24.13991203629082,24.048128440318997,24.07291030883789,2800
2023-11-29 19:00:00-05:00,24.093099853420888,24.16652637342531,24.093099853420888,24.14082717895508,1900
2023-11-30 19:00:00-05:00,24.405163259394005,24.639209747314453,24.405163259394005,24.639209747314453,300
2023-12-03 19:00:00-05:00,24.3528492433043,24.3528492433043,24.233530044555664,24.233530044555664,1400
2023-12-04 19:00:00-05:00,23.92789118715915,24.019674780350257,23.92789118715915,24.01141357421875,1200
2023-12-05 19:00:00-05:00,24.45105032563767,24.506121520516004,24.18855094909668,24.18855094909668,3400
2023-12-06 19:00:00-05:00,24.359271573494446,24.438203811645508,24.350093039857427,24.438203811645508,1700
2023-12-07 19:00:00-05:00,24.54191780090332,24.54191780090332,24.54191780090332,24.54191780090332,300
2023-12-10 19:00:00-05:00,24.50612280227983,24.515299584613462,24.48776573636024,24.507957458496094,800
2023-12-11 19:00:00-05:00,24.423520125095777,24.58689382612289,24.423520125095777,24.56853675842285,2400
2023-12-12 19:00:00-05:00,24.75393916758397,25.379901885986328,24.72915905130025,25.379901885986328,14800
2023-12-13 19:00:00-05:00,25.76630597665996,25.76630597665996,25.70848279416257,25.74336051940918,4100
2023-12-14 19:00:00-05:00,25.68906290825998,25.79578890484189,25.567357166570645,25.576719284057617,3100
2023-12-17 19:00:00-05:00,25.92778929320073,25.92778929320073,25.773318826878818,25.80795669555664,1700
2023-12-18 19:00:00-05:00,26.241414619188767,26.409927372398307,26.241414619188767,26.337841033935547,1400
2023-12-19 19:00:00-05:00,26.41928942392497,26.42865154113132,25.956811904907227,25.956811904907227,2700
2023-12-20 19:00:00-05:00,26.37248092275118,26.48014259338379,26.34439457081347,26.48014259338379,2100
2023-12-21 19:00:00-05:00,26.447378837495187,26.61214890524893,26.447378837495187,26.53257179260254,4900
2023-12-25 19:00:00-05:00,26.61589187878357,26.714191436767575,26.60652976102681,26.714191436767575,1700
2023-12-26 19:00:00-05:00,26.74789138863133,26.91547024683105,26.74789138863133,26.84151077270508,2600
2023-12-27 19:00:00-05:00,26.943559404140537,26.943559404140537,26.81155586242676,26.81155586242676,700
2023-12-28 19:00:00-05:00,26.75631902059916,26.75631902059916,26.60652871367006,26.632741928100582,2800
2024-01-01 19:00:00-05:00,26.61495511663822,26.615890792683302,26.447376251220703,26.447376251220703,6500
2024-01-02 19:00:00-05:00,26.075710112178506,26.2133294920362,26.01766605402807,26.18056297302246,7700
2024-01-03 19:00:00-05:00,26.100984123305,26.176816735652903,26.08600616455078,26.08600616455078,6300
2024-01-04 19:00:00-05:00,26.007366541906062,26.15715684339789,25.998004424857672,26.075708389282227,6600
2024-01-07 19:00:00-05:00,26.088815541042173,26.247967962907243,26.088815541042173,26.24515914916992,900
2024-01-08 19:00:00-05:00,26.06353855704772,26.06353855704772,25.969919168259267,25.990514755249023,2900
2024-01-09 19:00:00-05:00,25.90438668972859,26.005495060392565,25.90438668972859,25.94370651245117,17700
2024-01-10 19:00:00-05:00,25.707784537570465,25.91561889648437,25.698424206023397,25.91561889648437,8200
2024-01-11 19:00:00-05:00,26.19928539331784,26.250776144098342,25.98302459716797,25.98302459716797,1000
2024-01-15 19:00:00-05:00,25.483100720879285,25.492462838669734,25.30990600585937,25.30990600585937,6700
2024-01-16 19:00:00-05:00,25.00564358299414,25.01968765258789,24.88393962224381,25.01968765258789,6100
2024-01-17 19:00:00-05:00,25.0992611017864,25.277137756347656,25.0992611017864,25.277137756347656,900
2024-01-18 19:00:00-05:00,25.286499777831903,25.47467422485352,25.253733260752647,25.47467422485352,6700
2024-01-21 19:00:00-05:00,25.57203669001525,25.57203669001525,25.406330976076703,25.45875740051269,1300
2024-01-22 19:00:00-05:00,25.53927346910363,25.692808272705385,25.53927346910363,25.69093513488769,700
2024-01-23 19:00:00-05:00,25.838853137313134,25.838853137313134,25.679700711806632,25.691871643066406,7200
2024-01-24 19:00:00-05:00,25.80140599073189,25.82106590270996,25.77332142255831,25.82106590270996,700
2024-01-25 19:00:00-05:00,25.86693739459243,25.91842814717579,25.848214945541365,25.870683670043945,3700
2024-01-28 19:00:00-05:00,25.979281243862623,26.091624867356103,25.848215171154663,26.085071563720703,1700
2024-01-29 19:00:00-05:00,25.93247270842247,25.99894142150879,25.86881102351613,25.99894142150879,800
2024-01-30 19:00:00-05:00,26.213328845725584,26.213328845725584,25.79204248930561,25.794851303100582,1000
2024-01-31 19:00:00-05:00,25.64225188139261,25.90719462337379,25.64225188139261,25.90157699584961,4500
2024-02-01 19:00:00-05:00,25.82012625508517,25.82012625508517,25.679698078893,25.77144432067871,1400
2024-02-04 19:00:00-05:00,25.352033344588158,25.571101175611865,25.352033344588158,25.51025009155273,1200
2024-02-05 19:00:00-05:00,25.72838246957291,25.796724319458008,25.69093400000454,25.796724319458008,1200
2024-02-06 19:00:00-05:00,25.68906299911212,25.73119163513184,25.6684656263114,25.73119163513184,1100
2024-02-07 19:00:00-05:00,25.726507151670564,25.726507151670564,25.58607897397225,25.67501640319824,1000
2024-02-08 19:00:00-05:00,25.829489811690664,25.84353209440045,25.68999730367866,25.838851928710938,4600
2024-02-11 19:00:00-05:00,25.77331910202191,25.9137472871704,25.77331910202191,25.857576370239254,3500
2024-02-12 19:00:00-05:00,25.20224238622211,25.20224238622211,24.98691905057084,25.12453842163086,2800
2024-02-13 19:00:00-05:00,25.459695185345613,25.549570083618164,25.459695185345613,25.549570083618164,900
2024-02-14 19:00:00-05:00,25.745233466102174,26.035451961558675,25.745233466102174,25.994260787963867,24400
2024-02-15 19:00:00-05:00,25.923108827599343,26.082261243398246,25.923108827599343,25.98676872253418,8100
2024-02-19 19:00:00-05:00,26.091623395685456,26.091623395685456,25.96617317199707,25.96617317199707,4000
2024-02-20 19:00:00-05:00,25.829490347037947,25.87442779541016,25.829490347037947,25.87442779541016,600
2024-02-21 19:00:00-05:00,26.016730070415317,26.153413772583008,26.016730070415317,26.153413772583008,800
2024-02-22 19:00:00-05:00,26.21333207403348,26.21333207403348,26.1899276703814,26.203969955444336,1300
2024-02-25 19:00:00-05:00,26.147794916301567,26.147794916301567,26.05417553077876,26.1047306060791,1200
2024-02-26 19:00:00-05:00,26.241414295101432,26.25077641221544,26.208647778023032,26.248903274536133,31000
2024-02-27 19:00:00-05:00,25.97928237915039,25.97928237915039,25.97928237915039,25.97928237915039,600
2024-02-28 19:00:00-05:00,26.091624668200517,26.20022201538086,26.091624668200517,26.20022201538086,15300
2024-02-29 19:00:00-05:00,26.23205494760496,26.50261355389309,26.23205494760496,26.49699592590332,1300
2024-03-03 19:00:00-05:00,26.250775354000023,26.31162643432617,26.250775354000023,26.31162643432617,2000
2024-03-04 19:00:00-05:00,26.31630981171113,26.335032260557806,26.24515914916992,26.24515914916992,2600
2024-03-05 19:00:00-05:00,26.67205985670313,26.742274839310728,26.643973506531857,26.694528579711918,4700
2024-03-06 19:00:00-05:00,27.04653550924097,27.14015489053205,27.04653550924097,27.10832405090332,6800
2024-03-07 19:00:00-05:00,27.327396084189555,27.38356700370476,27.08398638543522,27.09241104125977,10200
2024-03-10 20:00:00-04:00,26.653337558406324,26.746021270751957,26.61589087443368,26.746021270751957,6600
2024-03-11 20:00:00-04:00,26.68142474070873,26.746957778930664,26.68142474070873,26.746957778930664,3000
2024-03-12 20:00:00-04:00,26.878022657209787,26.98100416162005,26.878022657209787,26.95572662353516,5900
2024-03-13 20:00:00-04:00,26.765680257217944,26.765680257217944,26.42865118489732,26.446439743041992,5800
2024-03-14 20:00:00-04:00,26.39120492358032,26.39120492358032,26.2507767364184,26.337841033935547,11500
2024-03-17 20:00:00-04:00,26.372480684892817,26.475462188760982,26.35094763670399,26.409927368164062,7400
2024-03-18 20:00:00-04:00,26.280734467495403,26.46141815185547,26.280734467495403,26.46141815185547,7300
2024-03-19 20:00:00-04:00,26.39682239992564,26.76380920410156,26.39682239992564,26.76380920410156,1300
2024-03-20 20:00:00-04:00,26.76568031311035,26.803126995867924,26.737593961811232,26.76568031311035,3400
2024-03-21 20:00:00-04:00,26.62525123284677,26.63461334963176,26.584993952107222,26.589675903320312,13500
2024-03-24 20:00:00-04:00,26.72823353283624,26.812490806413937,26.681424730022574,26.685169219970703,12100
2024-03-25 20:00:00-04:00,26.737594754764302,26.746956872141663,26.578442330631844,26.58125114440918,7700
2024-03-26 20:00:00-04:00,26.84057588443382,27.009090423583984,26.80312741544877,27.009090423583984,7300
2024-03-27 20:00:00-04:00,27.04653761168596,27.047475073376976,26.981004575380386,26.9931755065918,2000
2024-03-31 20:00:00-04:00,27.046535335327867,27.046535335327867,26.844318615849765,26.92483139038086,16900
2024-04-01 20:00:00-04:00,26.793766348192232,26.88738394680192,26.746955763246152,26.88270378112793,24400
2024-04-02 20:00:00-04:00,26.709508582173488,26.877085651919884,26.638357922897058,26.8265323638916,9600
2024-04-03 20:00:00-04:00,27.18696929436896,27.2431402167804,26.778789520263672,26.778789520263672,4200
2024-04-04 20:00:00-04:00,26.78440557476571,26.99972891939505,26.78440557476571,26.92951393127441,11000
2024-04-07 20:00:00-04:00,26.999726088712503,27.083983351367102,26.999726088712503,27.05402565002441,12000
2024-04-08 20:00:00-04:00,27.318034629373955,27.318034629373955,27.11207161008617,27.261863708496094,2300
2024-04-09 20:00:00-04:00,26.71887266566916,26.746957232538342,26.532569562939663,26.649593353271484,13200
2024-04-10 20:00:00-04:00,26.597166760339416,26.74414825439453,26.48482492227029,26.74414825439453,3400
2024-04-11 20:00:00-04:00,26.475462883028356,26.475462883028356,26.166520148963723,26.21707344055176,4100
2024-04-14 20:00:00-04:00,26.37248281743656,26.40524933756396,25.88659907216209,26.01673126220703,17900
2024-04-15 20:00:00-04:00,25.586081566375714,25.586081566375714,25.38012033725942,25.48216438293457,5700
2024-04-16 20:00:00-04:00,25.71714548613172,25.895022133344703,25.588888236326294,25.76395606994629,2500
2024-04-17 20:00:00-04:00,25.763956979456463,25.77331909654988,25.52990940904492,25.57765388488769,6900
2024-04-18 20:00:00-04:00,25.698424934441345,25.698424934441345,25.54863462646461,25.630083084106445,3600
2024-04-21 20:00:00-04:00,25.820130970757763,26.00736976363787,25.77332216535847,25.93715476989746,6700
2024-04-22 20:00:00-04:00,26.22175452396129,26.250776551476303,26.194603848494257,26.23673248291016,2800
2024-04-23 20:00:00-04:00,26.0635391109612,26.0635391109612,25.89689770247384,26.015792846679688,3600
2024-04-24 20:00:00-04:00,25.67970033276267,26.119709132954707,25.6628492358432,25.911874771118164,24300
2024-04-25 20:00:00-04:00,25.95119536378193,26.01766586303711,25.95119536378193,26.01766586303711,1200
2024-04-28 20:00:00-04:00,26.23205333723857,26.28822425676368,26.23205333723857,26.266691207885746,3100
2024-04-29 20:00:00-04:00,26.07290045175237,26.147795605015048,25.70404052734375,25.70404052734375,16100
2024-04-30 20:00:00-04:00,25.68906339639827,25.93247309876084,25.571102142333984,25.571102142333984,7200
2024-05-01 20:00:00-04:00,26.02609003962881,26.19460458201125,25.88566184952388,26.15715789794922,9100
2024-05-02 20:00:00-04:00,26.508229826370425,26.52227210998535,26.508229826370425,26.52227210998535,1100
2024-05-05 20:00:00-04:00,26.784404180512546,26.86866144761479,26.74695571262655,26.84151077270508,6600
2024-05-06 20:00:00-04:00,27.065263243288243,27.130796282975787,27.065263243288243,27.081178665161133,3100
2024-05-07 20:00:00-04:00,26.899553854035805,26.92483139038086,26.860234035561795,26.92483139038086,1400
2024-05-08 20:00:00-04:00,26.72823176788306,26.952919006347656,26.72823176788306,26.952919006347656,900
2024-05-09 20:00:00-04:00,27.00909177618766,27.00909177618766,26.846194856355705,26.84993934631348,2900
2024-05-12 20:00:00-04:00,27.140156493749096,27.140156493749096,26.888322146697377,27.009090423583984,519600
2024-05-13 20:00:00-04:00,27.01377214248013,27.127987122425004,26.94636775145783,27.07462501525879,2600
2024-05-14 20:00:00-04:00,27.21505108309061,27.552080154418945,27.21505108309061,27.552080154418945,4400
2024-05-15 20:00:00-04:00,27.626977770928274,27.626977770928274,27.5614447313525,27.57736015319824,276500
2024-05-16 20:00:00-04:00,27.57267764428381,27.75804328918457,27.57174196820632,27.75804328918457,3400
2024-05-19 20:00:00-04:00,27.67378495882757,27.67378495882757,27.5427188873291,27.5427188873291,2200
2024-05-20 20:00:00-04:00,27.601697918488103,27.673784255981445,27.55208030491546,27.673784255981445,900
2024-05-21 20:00:00-04:00,27.236585600643387,27.261863139485317,27.023133605864768,27.040922164916992,5500
2024-05-22 20:00:00-04:00,27.141091666894727,27.1869665762438,26.915470538056475,26.952919006347656,1300
2024-05-23 20:00:00-04:00,27.07462255168604,27.17760405230384,27.07462255168604,27.121431350708008,10200
2024-05-27 20:00:00-04:00,27.35548084800505,27.35548084800505,27.03811345410077,27.049346923828125,8500
2024-05-28 20:00:00-04:00,26.765680808012128,26.765680808012128,26.578442033838435,26.615890502929688,7800
2024-05-29 20:00:00-04:00,26.9416839086212,26.990365846298708,26.84993766067085,26.930450439453125,3200
2024-05-30 20:00:00-04:00,26.971640965528284,27.10270881652832,26.84993701707241,27.10270881652832,3600
2024-06-02 20:00:00-04:00,27.28994877196248,27.33675936157905,27.15981836841884,27.318035125732425,3700
2024-06-03 20:00:00-04:00,27.083986330867948,27.125179290771484,26.981004823929773,27.125179290771484,1600
2024-06-04 20:00:00-04:00,27.383567661794714,27.46782493591309,27.280586152174177,27.46782493591309,5600
2024-06-05 20:00:00-04:00,27.411654695371624,27.55301856994629,27.411654695371624,27.55301856994629,400
2024-06-06 20:00:00-04:00,27.308670517781117,27.369523385913325,27.169178009033203,27.169178009033203,1100
2024-06-09 20:00:00-04:00,27.28994560362327,27.28994560362327,27.102708623819304,27.21785926818848,2600
2024-06-10 20:00:00-04:00,26.83121406748008,26.90236473083496,26.83121406748008,26.90236473083496,800
2024-06-11 20:00:00-04:00,27.430374706451392,27.467823175055045,27.311479568481445,27.311479568481445,3900
2024-06-12 20:00:00-04:00,26.990367043996283,27.140157353398447,26.990367043996283,27.133604049682617,700
2024-06-13 20:00:00-04:00,26.87802101497144,26.94355583190918,26.82185010038027,26.94355583190918,1800
2024-06-16 20:00:00-04:00,26.821852699440807,27.037176047606284,26.821852699440807,27.01845359802246,2200
2024-06-17 20:00:00-04:00,27.16824458696764,27.309608459472656,27.16824458696764,27.309608459472656,900
2024-06-19 20:00:00-04:00,27.37420477529289,27.38356689278105,27.271223268564384,27.36203384399414,2800
2024-06-20 20:00:00-04:00,27.245513219681147,27.27393408540071,27.245513219681147,27.272985458374023,2100
2024-06-23 20:00:00-04:00,27.45392698056009,27.45392698056009,27.36866619186387,27.37529754638672,1500
2024-06-24 20:00:00-04:00,27.43497940001561,27.438770294189453,27.387613098836823,27.438770294189453,1000
2024-06-25 20:00:00-04:00,27.169724841199724,27.169724841199724,27.103411297716296,27.136568069458008,1100
2024-06-26 20:00:00-04:00,27.37813913753111,27.37813913753111,27.273932914848977,27.35919189453125,17500
2024-06-27 20:00:00-04:00,27.409402427462148,27.409402427462148,27.303298950195312,27.303298950195312,700
2024-06-30 20:00:00-04:00,27.27393297242188,27.27393297242188,27.21709124330232,27.22846031188965,400
2024-07-01 20:00:00-04:00,27.163092125082574,27.2739315032959,27.163092125082574,27.2739315032959,17900
2024-07-02 20:00:00-04:00,27.577081782591904,27.813916901145504,27.577081782591904,27.77791786193848,3300
2024-07-04 20:00:00-04:00,27.71918144873643,27.95601655837337,27.71918144873643,27.91243934631348,6400
2024-07-07 20:00:00-04:00,27.83286179850121,27.83286179850121,27.719181955665253,27.749496459960938,2800
2024-07-08 20:00:00-04:00,27.75707386093668,27.79496834543186,27.75707386093668,27.76749610900879,2700
2024-07-09 20:00:00-04:00,28.141694884256204,28.15401077270508,28.098117671562328,28.15401077270508,600
2024-07-10 20:00:00-04:00,28.382319946922017,28.391793568562207,28.287587344337265,28.28853416442871,900
2024-07-11 20:00:00-04:00,28.6002081488505,28.855988692247536,28.6002081488505,28.70441436767578,14000
2024-07-14 20:00:00-04:00,28.60968249825897,28.60968249825897,28.572734832763672,28.572734832763672,200
2024-07-15 20:00:00-04:00,28.42021558177197,28.590737164367983,28.42021558177197,28.58979034423828,4800
2024-07-16 20:00:00-04:00,28.60020975211913,28.60020975211913,28.44579315185547,28.44579315185547,9100
2024-07-17 20:00:00-04:00,28.533894393550256,28.533894393550256,28.136958162843907,28.15022087097168,1600
2024-07-18 20:00:00-04:00,28.136012849466564,28.136012849466564,28.00054168701172,28.00054168701172,48500
2024-07-21 20:00:00-04:00,27.94654347763592,28.0535937732124,27.94654347763592,28.032751083374023,2800
2024-07-22 20:00:00-04:00,27.92759603090943,27.93706965223797,27.86602020263672,27.86602020263672,1900
2024-07-23 20:00:00-04:00,27.65760466926325,27.681287819577356,27.424558639526367,27.424558639526367,6400
2024-07-24 20:00:00-04:00,27.16024908623984,27.414135978594025,27.12235460327824,27.274877548217773,146300
2024-07-25 20:00:00-04:00,27.540133084351663,27.709707832376424,27.539186264302597,27.633920669555664,15300
2024-07-28 20:00:00-04:00,27.63392185987126,27.63392185987126,27.487083435058597,27.487083435058597,500
2024-07-29 20:00:00-04:00,27.61307929024503,27.62728881835937,27.539185768851805,27.62728881835937,900
2024-07-30 20:00:00-04:00,27.899178521907817,28.06969829455776,27.899178521907817,28.06496238708496,900
2024-07-31 20:00:00-04:00,27.63392127647577,27.63392127647577,27.236038211201016,27.3449821472168,4400
2024-08-01 20:00:00-04:00,27.067412013665336,27.067412013665336,26.800262395091103,26.93099403381348,2500
2024-08-04 20:00:00-04:00,26.160807350773013,26.160807350773013,25.9097626997455,26.00733757019043,2900
2024-08-05 20:00:00-04:00,26.28869673689843,26.5065846005192,26.28869673689843,26.443113327026367,1200
2024-08-06 20:00:00-04:00,26.80499846529484,26.809734372568744,26.30764508374194,26.37869453430176,2400
2024-08-07 20:00:00-04:00,26.762365671627823,27.038042068481445,26.71499937550334,27.038042068481445,2200
2024-08-08 20:00:00-04:00,27.093937519215668,27.25498546970291,27.093937519215668,27.192461013793945,1400
2024-08-11 20:00:00-04:00,27.17919876129014,27.17919876129014,27.177303314208984,27.177303314208984,200
2024-08-12 20:00:00-04:00,27.302352685556983,27.62444859733331,27.302352685556983,27.614974975585938,2000
2024-08-13 20:00:00-04:00,27.3970848555662,27.52023831439328,27.3970848555662,27.443504333496094,700
2024-08-14 20:00:00-04:00,27.739076614379883,27.739076614379883,27.739076614379883,27.739076614379883,100
2024-08-15 20:00:00-04:00,27.946542169718047,28.027065237467287,27.946542169718047,28.022329330444336,600
2024-08-18 20:00:00-04:00,28.38231929706657,28.555683135986328,28.38231929706657,28.555683135986328,500
2024-08-19 20:00:00-04:00,28.297060132634908,28.401266353791,28.297060132634908,28.32832145690918,3600
2024-08-20 20:00:00-04:00,28.562314534122283,28.68641662597656,28.562314534122283,28.68641662597656,300
2024-08-21 20:00:00-04:00,28.458109319418387,28.458109319418387,28.312217712402344,28.312217712402344,400
2024-08-22 20:00:00-04:00,28.893882742565967,29.04640388488769,28.893882742565967,29.04640388488769,900
2024-08-25 20:00:00-04:00,29.14966644600377,29.190401392012152,29.064405659881015,29.078615188598636,2500
2024-08-26 20:00:00-04:00,28.846516161824454,28.96209144592285,28.846516161824454,28.96209144592285,500
2024-08-27 20:00:00-04:00,28.998092988482995,28.998092988482995,28.799150545912507,28.934619903564453,1700
2024-08-28 20:00:00-04:00,29.1932430267334,29.1932430267334,29.1932430267334,29.1932430267334,100
2024-08-29 20:00:00-04:00,29.007565063295356,29.062509536743164,28.855988930563285,29.062509536743164,2200
2024-09-02 20:00:00-04:00,28.391794204711918,28.391794204711918,28.391794204711918,28.391794204711918,300
2024-09-03 20:00:00-04:00,28.542421340942383,28.542421340942383,28.542421340942383,28.542421340942383,100
2024-09-04 20:00:00-04:00,28.75178207388027,28.82756923511299,28.58126050937954,28.68073081970215,14900
2024-09-05 20:00:00-04:00,28.184326947071916,28.184326947071916,28.183380126953125,28.183380126953125,1500
2024-09-08 20:00:00-04:00,28.569893958012457,28.609682083129883,28.569893958012457,28.609682083129883,900
2024-09-09 20:00:00-04:00,28.505475461106894,28.524422704546648,28.31600664052655,28.477054595947266,8100
2024-09-10 20:00:00-04:00,28.42021370633493,28.63810157775879,28.37284740625445,28.63810157775879,3300
2024-09-11 20:00:00-04:00,28.98861857763156,29.21408462524414,28.98861857763156,29.21408462524414,1700
2024-09-12 20:00:00-04:00,29.11177164221862,29.11177164221862,29.04545809971606,29.081457138061523,1400
2024-09-15 20:00:00-04:00,29.37702575281409,29.47365379333496,29.37702575281409,29.47365379333496,800
2024-09-16 20:00:00-04:00,29.49733972514295,29.49733972514295,29.32018860195656,29.34671401977539,400
2024-09-17 20:00:00-04:00,29.481234597903484,29.699122460346317,29.324922561645508,29.324922561645508,3600
2024-09-18 20:00:00-04:00,30.0401659216574,30.068586786703595,30.005115509033203,30.005115509033203,1300
2024-09-19 20:00:00-04:00,29.62333604010787,29.68964958190918,29.5712320267187,29.68964958190918,7700
2024-09-22 20:00:00-04:00,29.8544864654541,29.8544864654541,29.8544864654541,29.8544864654541,400
2024-09-23 20:00:00-04:00,30.04774342256505,30.080900192260746,30.04774342256505,30.080900192260746,1100
2024-09-24 20:00:00-04:00,29.831751024735198,29.831751024735198,29.66691398620605,29.66691398620605,1300
2024-09-25 20:00:00-04:00,30.277000646853885,30.308263778686523,30.277000646853885,30.308263778686523,200
2024-09-26 20:00:00-04:00,30.35278930118652,30.35278930118652,30.31110572814941,30.31110572814941,500
2024-09-29 20:00:00-04:00,30.542257061979026,30.58014793268893,30.29594652637137,30.42857360839844,15100
2024-09-30 20:00:00-04:00,30.35278798543612,30.39826064370387,30.172792799338115,30.28363037109375,2800
2024-10-01 20:00:00-04:00,30.201213341098075,30.21163558959961,30.201213341098075,30.21163558959961,400
2024-10-02 20:00:00-04:00,29.95490729778728,29.983326356264016,29.841225643154527,29.8980655670166,5000
2024-10-03 20:00:00-04:00,29.689650615949294,29.746490538485983,29.689650615949294,29.724702835083008,7400
2024-10-06 20:00:00-04:00,29.72754205654565,29.72754205654565,29.614809036254883,29.614809036254883,1200
2024-10-07 20:00:00-04:00,29.45755179731582,29.51344490051269,29.43102637931788,29.51344490051269,900
2024-10-08 20:00:00-04:00,29.45186710254713,29.45186710254713,29.443340301513672,29.443340301513672,900
2024-10-09 20:00:00-04:00,29.391237877333012,29.55512809753418,29.346713843508216,29.55512809753418,500
2024-10-10 20:00:00-04:00,29.727542062554708,29.727542062554708,29.723752975463867,29.723752975463867,400
2024-10-13 20:00:00-04:00,29.566494415853324,29.78154182434082,29.566494415853324,29.78154182434082,2500
2024-10-14 20:00:00-04:00,29.691543953944315,29.691543953944315,29.55797004699707,29.55797004699707,1800
2024-10-15 20:00:00-04:00,29.68965095208968,29.69912457377115,29.55228614807129,29.55228614807129,23200
2024-10-16 20:00:00-04:00,29.774911602064776,29.792910218339987,29.765437980427297,29.782489776611328,1400
2024-10-17 20:00:00-04:00,29.84217071533203,29.84217071533203,29.84217071533203,29.84217071533203,100
2024-10-20 20:00:00-04:00,29.67070294637497,29.67070294637497,29.400711059570312,29.400711059570312,900
2024-10-21 20:00:00-04:00,29.27281980062267,29.37418556213379,29.24440074329461,29.37418556213379,21700
2024-10-22 20:00:00-04:00,29.083353298890035,29.083353298890035,28.99335479736328,28.99335479736328,900
2024-10-23 20:00:00-04:00,29.24440097496801,29.24440097496801,29.088088930791265,29.126930236816406,2200
2024-10-24 20:00:00-04:00,29.173348213041564,29.20650498308304,28.981037139892575,28.981037139892575,400
2024-10-27 20:00:00-04:00,29.017037293512814,29.045458157602777,29.017037293512814,29.04261589050293,500
2024-10-28 20:00:00-04:00,28.91283253806273,28.91283253806273,28.85599080700124,28.88820075988769,2300
2024-10-29 20:00:00-04:00,28.638101739400096,28.70820617675781,28.638101739400096,28.70820617675781,400
2024-10-30 20:00:00-04:00,28.316003618095905,28.51115695225936,28.316003618095905,28.476104736328125,2100
2024-10-31 20:00:00-04:00,28.73283658166242,28.73283658166242,28.51873779296875,28.51873779296875,500
2024-11-03 19:00:00-05:00,28.808622947521823,28.808622947521823,28.58031463623047,28.58031463623047,1000
2024-11-04 19:00:00-05:00,28.90335841949103,28.99051284790039,28.90335841949103,28.99051284790039,3200
2024-11-05 19:00:00-05:00,28.628627981880477,28.81241226196289,28.628627981880477,28.81241226196289,300
2024-11-06 19:00:00-05:00,29.6839656829834,29.6839656829834,29.6839656829834,29.6839656829834,200
2024-11-07 19:00:00-05:00,29.25387396853267,29.25387396853267,28.893885372051816,29.04072380065918,15600
2024-11-10 19:00:00-05:00,29.22545344928321,29.36755415640022,29.025564193725582,29.025564193725582,2300
2024-11-11 19:00:00-05:00,28.83704293022581,28.83704293022581,28.598312377929688,28.598312377929688,1100
2024-11-12 19:00:00-05:00,28.62862849197734,28.638102113552385,28.53389589004401,28.557579040527344,1600
2024-11-13 19:00:00-05:00,28.780202344814544,28.790624593209788,28.61631393432617,28.61631393432617,800
2024-11-14 19:00:00-05:00,28.68546855063433,28.68546855063433,28.5357878681388,28.63715362548828,33900
2024-11-17 19:00:00-05:00,28.761256584838105,29.054931617838324,28.761256584838105,28.989564895629883,10400
2024-11-18 19:00:00-05:00,28.97914450390325,29.263345916079533,28.960197261249224,29.2292423248291,6600
2024-11-19 19:00:00-05:00,29.12977409362793,29.12977409362793,29.12977409362793,29.12977409362793,100
2024-11-20 19:00:00-05:00,29.21597817694194,29.34008026123047,29.21597817694194,29.34008026123047,800
2024-11-21 19:00:00-05:00,29.367555419611776,29.43386896532488,29.367555419611776,29.4187126159668,1400
2024-11-24 19:00:00-05:00,29.53807669844368,29.547550320150624,29.41492142316198,29.469867706298828,3500
2024-11-25 19:00:00-05:00,29.21598036867687,29.21598036867687,29.053985595703125,29.053985595703125,300
2024-11-26 19:00:00-05:00,29.44333958469938,29.44333958469938,29.42249870300293,29.42249870300293,1200
2024-11-28 19:00:00-05:00,29.39597318398241,29.592071533203125,29.39597318398241,29.592071533203125,600
2024-12-01 19:00:00-05:00,29.3675537391379,29.56365390473275,29.3675537391379,29.5418643951416,900
2024-12-02 19:00:00-05:00,29.519129734051013,29.547550599440488,29.43386894479119,29.462289810180664,700
2024-12-03 19:00:00-05:00,29.225452543768277,29.2567138671875,29.225452543768277,29.2567138671875,700
2024-12-04 19:00:00-05:00,29.203662872314453,29.203662872314453,29.203662872314453,29.203662872314453,200
2024-12-05 19:00:00-05:00,28.78872932769352,28.78872932769352,28.71767807006836,28.71767807006836,400
2024-12-08 19:00:00-05:00,29.263347849812853,29.395976750246664,29.06440720952508,29.076723098754883,18800
2024-12-09 19:00:00-05:00,28.78020302444089,28.78020302444089,28.63241958618164,28.63241958618164,1300
2024-12-10 19:00:00-05:00,28.54336707210012,28.73283588558467,28.43916085090129,28.655153274536133,4400
2024-12-11 19:00:00-05:00,28.42021347456352,28.42021347456352,28.18337836227549,28.280006408691406,3900
2024-12-12 19:00:00-05:00,28.28284745265712,28.28284745265712,28.041276443610062,28.14358901977539,1900
2024-12-15 19:00:00-05:00,28.192852953977,28.192852953977,28.04127862144825,28.13601303100586,1600
2024-12-16 19:00:00-05:00,28.226008570619253,28.226008570619253,28.050751094603864,28.16158866882324,2000
2024-12-17 19:00:00-05:00,28.05075256393512,28.10759248755638,27.24456596374512,27.24456596374512,2800
2024-12-18 19:00:00-05:00,27.17919814303382,27.23603806436419,27.12235641479492,27.12235641479492,2400
2024-12-19 19:00:00-05:00,26.890131358037163,27.33039790403488,26.890131358037163,27.008180618286133,9500
2024-12-22 19:00:00-05:00,27.228795871446845,27.48521614074707,27.14171002082965,27.48521614074707,1300
2024-12-23 19:00:00-05:00,27.54810874685913,27.54810874685913,27.51327514648437,27.51327514648437,400
2024-12-25 19:00:00-05:00,27.548108440236824,27.604230880737305,27.528757465569864,27.604230880737305,1600
2024-12-26 19:00:00-05:00,27.431994713947297,27.48037491811981,27.36522877719042,27.403932571411133,6200
2024-12-29 19:00:00-05:00,27.383614881969187,27.596492226976608,27.015920501953897,27.313947677612305,18900
2024-12-30 19:00:00-05:00,27.16106057745107,27.16106057745107,27.02559453026944,27.1136474609375,4200
2025-01-01 19:00:00-05:00,27.33523344249912,27.33523344249912,27.19976738947797,27.25685691833496,5400
2025-01-02 19:00:00-05:00,27.567462673316665,27.702928730860577,27.422320205150093,27.61487579345703,30300
2025-01-05 19:00:00-05:00,27.6806755065918,27.6806755065918,27.6806755065918,27.6806755065918,300
2025-01-06 19:00:00-05:00,28.051272814242505,28.051272814242505,27.684545516967773,27.684545516967773,700
2025-01-07 19:00:00-05:00,27.810333251953125,27.810333251953125,27.810333251953125,27.810333251953125,100
2025-01-09 19:00:00-05:00,27.49972822918696,27.49972822918696,27.22492408752441,27.22492408752441,5300
2025-01-12 19:00:00-05:00,27.015920076940816,27.28104782104492,27.015920076940816,27.28104782104492,900
2025-01-13 19:00:00-05:00,27.38361370962442,27.38361370962442,27.335233503604872,27.38167953491211,1500
2025-01-14 19:00:00-05:00,27.877101223248147,27.92548327773658,27.71260592916081,27.850976943969727,2700
2025-01-15 19:00:00-05:00,27.809366472254776,27.85774852375028,27.79678695430729,27.803560256958008,600
2025-01-16 19:00:00-05:00,27.88677615661757,27.88677615661757,27.757116317749023,27.757116317749023,1600
2025-01-20 19:00:00-05:00,28.109327502308037,28.273822784423828,28.109327502308037,28.273822784423828,900
2025-01-21 19:00:00-05:00,28.43831874815274,28.43831874815274,28.21673393249512,28.21673393249512,1900
2025-01-22 19:00:00-05:00,28.32607650756836,28.32607650756836,28.32607650756836,28.32607650756836,100
2025-01-23 19:00:00-05:00,28.43831880595837,28.554433885712477,28.43831880595837,28.469284057617188,5600
2025-01-26 19:00:00-05:00,28.25447156610525,28.40638732910156,28.25447156610525,28.40638732910156,29200
2025-01-27 19:00:00-05:00,28.273821985371573,28.34155685481154,28.25253499089947,28.292207717895508,4200
2025-01-28 19:00:00-05:00,28.2622127532959,28.2622127532959,28.2622127532959,28.2622127532959,200
2025-01-29 19:00:00-05:00,28.554434069749025,28.554434069749025,28.506052017211918,28.506052017211918,600
2025-01-30 19:00:00-05:00,28.428641159663314,28.593136438905173,28.201251983642575,28.201251983642575,12800
2025-02-02 19:00:00-05:00,27.78033608451184,28.1964124821139,27.750341613096197,28.083202362060547,2700
2025-02-03 19:00:00-05:00,28.0803016408502,28.409292222931636,28.0803016408502,28.36671638488769,6400
2025-02-04 19:00:00-05:00,28.467348156726388,28.67054724016534,28.467348156726388,28.634746551513672,6300
2025-02-05 19:00:00-05:00,28.709251772911472,28.82536684866656,28.68022254257607,28.70151138305664,4400
2025-02-06 19:00:00-05:00,28.728606574881155,28.728606574881155,28.48960494995117,28.48960494995117,1700
2025-02-09 19:00:00-05:00,28.622168318325457,28.806016434633616,28.622168318325457,28.73247718811035,1100
2025-02-10 19:00:00-05:00,28.651196385769943,28.716026306152344,28.64151997524343,28.716026306152344,1600
2025-02-11 19:00:00-05:00,28.69957622151725,28.96083376559337,28.69957622151725,28.89213180541992,2700
2025-02-12 19:00:00-05:00,28.815690993123837,29.32078742980957,28.815690993123837,29.32078742980957,3800
2025-02-13 19:00:00-05:00,29.19306226196197,29.283051218232032,29.05759620666504,29.05759620666504,3800
2025-02-17 19:00:00-05:00,28.98018683263123,29.056627337954037,28.917291087281484,28.92987060546875,2100
2025-02-18 19:00:00-05:00,28.50605091093708,28.59313675653762,28.467347115996017,28.57378578186035,4200
2025-02-19 19:00:00-05:00,28.641520712476098,28.69957733154297,28.641520712476098,28.69957733154297,500
2025-02-20 19:00:00-05:00,28.302853255279604,28.302853255279604,28.012568319101128,28.03675842285156,7500
2025-02-23 19:00:00-05:00,28.18673644461997,28.262211704572525,28.158676147460938,28.158676147460938,600
2025-02-24 19:00:00-05:00,28.152872213379805,28.152872213379805,27.838397167259306,28.065786361694336,7600
2025-02-25 19:00:00-05:00,28.031918867190075,28.084171114610257,27.877099990844727,27.877099990844727,4600
2025-02-26 19:00:00-05:00,27.683576954728952,27.683576954728952,27.38361377086001,27.422319412231445,1500
2025-02-27 19:00:00-05:00,27.267500354433047,27.441672048259363,27.209443738353123,27.38458251953125,8700
2025-03-02 19:00:00-05:00,27.69325230419128,27.7222796885213,27.277175903320312,27.277175903320312,6300
2025-03-03 19:00:00-05:00,27.054624299309207,27.534563567386822,26.967540293863102,27.313947677612305,4100
2025-03-04 19:00:00-05:00,27.63519502242782,27.84129905700684,27.63519502242782,27.84129905700684,600
2025-03-05 19:00:00-05:00,27.604231435146943,27.64390416378741,27.431995760839413,27.46586227416992,5000
2025-03-06 19:00:00-05:00,27.006243727231485,27.28685409801864,27.001406444722257,27.279111862182617,5700
2025-03-09 20:00:00-04:00,26.98688974483198,26.98688974483198,26.59016615502741,26.75756454467773,1500
2025-03-10 20:00:00-04:00,26.72369870943592,26.72369870943592,26.43534795349485,26.65886878967285,3700
2025-03-11 20:00:00-04:00,26.677252802376568,26.677252802376568,26.43534807715286,26.57081413269043,6300
2025-03-12 20:00:00-04:00,26.338585516271717,26.43534777437023,26.22247228302275,26.24182510375977,5000
2025-03-13 20:00:00-04:00,26.5321090551744,26.89496612548828,26.5321090551744,26.89496612548828,1300
2025-03-16 20:00:00-04:00,26.95786285045594,27.35458644748044,26.95786285045594,27.336200714111328,2000
2025-03-17 20:00:00-04:00,26.909480371785733,27.054622833782503,26.78369073021161,26.88335609436035,230400
2025-03-18 20:00:00-04:00,26.82239556159933,27.111713409423828,26.82239556159933,27.111713409423828,2200
2025-03-19 20:00:00-04:00,26.844650699034812,26.96753907969736,26.844650699034812,26.91915702819824,4000
2025-03-20 20:00:00-04:00,26.73530904684069,26.81271848400933,26.60951940353661,26.79046440124512,5400
2025-03-23 20:00:00-04:00,27.02559600202772,27.12332534790039,27.02559600202772,27.12332534790039,1100
2025-03-24 20:00:00-04:00,27.2713711053115,27.296528296077188,27.161062240600582,27.161062240600582,151100
2025-03-25 20:00:00-04:00,27.30813936302704,27.30813936302704,27.064298629760746,27.064298629760746,4000
2025-03-26 20:00:00-04:00,27.14364679490404,27.14364679490404,27.132036209106445,27.132036209106445,500
2025-03-27 20:00:00-04:00,27.199769136230422,27.199769136230422,26.83884620666504,26.83884620666504,18700
2025-03-30 20:00:00-04:00,26.464377366220127,26.75466229888607,26.367615106802617,26.739181518554688,3400
2025-03-31 20:00:00-04:00,26.89012848308781,27.16106057745107,26.89012848308781,27.1136474609375,1400
2025-04-01 20:00:00-04:00,27.09332866063334,27.216217041015625,27.069138557732227,27.216217041015625,28600
2025-04-02 20:00:00-04:00,26.860134879173387,26.89980576443611,26.512758557975445,26.590167999267575,10100
2025-04-03 20:00:00-04:00,26.232149783565216,26.232149783565216,23.850839168597613,24.15467071533203,46000
2025-04-06 20:00:00-04:00,23.735690646423908,24.093708581234043,23.62925198416802,23.871156692504883,6900
2025-04-07 20:00:00-04:00,25.12132297209585,25.12132297209585,23.61957832364584,23.726016998291016,11800
2025-04-08 20:00:00-04:00,24.21950124914448,25.97863129649353,24.190472018311347,25.867355346679688,6700
2025-04-09 20:00:00-04:00,25.041977211128827,25.68060740579588,25.041977211128827,25.499662399291992,2100
2025-04-10 20:00:00-04:00,25.72898655061968,26.06958770751953,25.622547881644348,26.06958770751953,28300
2025-04-13 20:00:00-04:00,26.396644218907497,26.783691409240276,26.396644218907497,26.614356994628903,17700
2025-04-14 20:00:00-04:00,26.638548081722472,26.71402149702126,26.633708953857425,26.633708953857425,700
2025-04-15 20:00:00-04:00,26.88335739444168,26.909481673130436,26.684993743896484,26.684993743896484,2100
2025-04-16 20:00:00-04:00,26.870775964220936,27.112680677232103,26.796269637436723,26.98011589050293,17000
2025-04-20 20:00:00-04:00,26.957864582631217,26.957864582631217,26.717894019572327,26.877552032470703,1100
2025-04-21 20:00:00-04:00,27.32555752325977,27.373939575627183,27.32555752325977,27.37200355529785,900
2025-04-22 20:00:00-04:00,27.67390228556468,27.76582542122559,27.27814575189849,27.38361549377441,5000
2025-04-23 20:00:00-04:00,27.760986692868897,28.004825592041016,27.760986692868897,28.004825592041016,3700
2025-04-24 20:00:00-04:00,27.799689756047226,27.993214268726582,27.799689756047226,27.97966766357422,600
2025-04-27 20:00:00-04:00,27.86742339528427,27.923545837402344,27.7861437625808,27.923545837402344,5300
2025-04-28 20:00:00-04:00,27.964187557013148,28.099655466325537,27.935160169407183,28.00773048400879,8100
2025-04-29 20:00:00-04:00,28.002891047731467,28.14029312133789,27.704863884867773,28.14029312133789,2400
2025-04-30 20:00:00-04:00,28.186738168932106,28.26414760827305,28.162548065185547,28.162548065185547,2700
2025-05-01 20:00:00-04:00,28.79633848056441,28.85052490234375,28.79633848056441,28.85052490234375,3600
2025-05-04 20:00:00-04:00,28.76730770672997,28.76730770672997,28.61248883978061,28.6318416595459,30300
2025-05-05 20:00:00-04:00,28.41896691216808,28.66087162871651,28.41896691216808,28.657968521118164,2200
2025-05-06 20:00:00-04:00,28.612489883953256,28.612489883953256,28.389937985290143,28.39767837524414,1700
2025-05-07 20:00:00-04:00,28.660873112899434,28.660873112899434,28.428642948870927,28.45670509338379,3100
2025-05-08 20:00:00-04:00,28.66087267526628,28.69086714850924,28.62410305365543,28.634746551513672,3100
2025-05-11 20:00:00-04:00,28.767310050956592,28.818595212072445,28.699577021845045,28.747957229614254,4000
2025-05-12 20:00:00-04:00,29.01889099523376,29.193062694962656,28.92116164737905,29.04792022705078,18700
2025-05-13 20:00:00-04:00,29.28014686306269,29.763956292038102,28.680222359075103,28.74698829650879,13300
2025-05-14 20:00:00-04:00,28.98986071960721,29.16403241306488,28.98986071960721,29.154356002807617,3900
2025-05-15 20:00:00-04:00,28.98502374390421,29.12532892573901,28.98018646151768,29.063400268554688,13800
2025-05-18 20:00:00-04:00,28.96083455119068,29.295629501342773,28.96083455119068,29.295629501342773,2700
2025-05-19 20:00:00-04:00,29.212413850286826,29.32852707976013,29.1253280053886,29.253053665161133,17900
2025-05-20 20:00:00-04:00,29.347881013887896,29.444643272513,29.06049919128418,29.06049919128418,4400
2025-05-21 20:00:00-04:00,29.105977645018047,29.21241631901909,28.98018799486044,29.072111129760746,2700
2025-05-22 20:00:00-04:00,29.25111776945153,29.38174653735502,29.15435551408748,29.334333419799805,2200
2025-05-26 20:00:00-04:00,29.37690987091357,29.580108950409773,29.37690987091357,29.53172874450684,7600
2025-05-27 20:00:00-04:00,29.255956649780277,29.255956649780277,29.255956649780277,29.255956649780277,300
2025-05-28 20:00:00-04:00,29.425290755721303,29.425290755721303,29.29079178697448,29.347881317138672,83800
2025-05-29 20:00:00-04:00,29.29853150118829,29.489152908325195,29.222090997332,29.489152908325195,1000
2025-06-01 20:00:00-04:00,29.62849161091295,29.899423722476897,29.62849161091295,29.89748954772949,1300
2025-06-02 20:00:00-04:00,29.72525147461708,30.09972098700822,29.517213266752343,29.78330993652344,24000
2025-06-03 20:00:00-04:00,30.045535670043705,30.17132531762453,30.045535670043705,30.09585189819336,3800
2025-06-04 20:00:00-04:00,30.31550063536217,30.31550063536217,30.138425827026367,30.138425827026367,5200
2025-06-05 20:00:00-04:00,30.14132924491583,30.14132924491583,30.025216007058024,30.09004592895508,8000
2025-06-08 20:00:00-04:00,30.131653316795298,30.334854254681176,30.073596696936477,30.24776840209961,3300
2025-06-09 20:00:00-04:00,30.55740547180176,30.567081882488623,30.52837623974115,30.55740547180176,8000
2025-06-10 20:00:00-04:00,30.55740448879876,30.55740448879876,30.41032600402832,30.41032600402832,2700
2025-06-11 20:00:00-04:00,30.339689378597967,30.47999455839484,30.339689378597967,30.46354484558105,2700
2025-06-12 20:00:00-04:00,30.15100503989695,30.15100503989695,29.99618616219064,30.061016082763672,6300
2025-06-15 20:00:00-04:00,30.47031882805034,30.478059218163697,30.27969741821289,30.27969741821289,12300
2025-06-16 20:00:00-04:00,30.32517611933668,30.32517611933668,29.899423291546803,29.90619659423828,18300
2025-06-17 20:00:00-04:00,30.151004670355032,30.151004670355032,29.95748015280075,30.02811813354492,3300
2025-06-19 20:00:00-04:00,30.10369506140361,30.10369506140361,29.681634480017184,29.713043212890625,4700
2025-06-22 20:00:00-04:00,29.55403640351833,29.96628141489852,29.43625131221092,29.90248107910156,8600
2025-06-23 20:00:00-04:00,29.966280510234068,30.31963202922781,29.966280510234068,30.195959091186523,3100
2025-06-24 20:00:00-04:00,30.152770799569748,30.16258637952278,30.005540844535208,30.12234306335449,3000
2025-06-25 20:00:00-04:00,30.47177201133347,30.68280230980213,30.47177201133347,30.664152145385746,5100
2025-06-26 20:00:00-04:00,30.300002964398985,30.457048501136672,30.10369510741164,30.250925064086918,5100
2025-06-29 20:00:00-04:00,30.349078931524176,30.435453414916992,30.153753943427358,30.435453414916992,1400
2025-06-30 20:00:00-04:00,30.48158751640066,30.590538024902344,30.48158751640066,30.590538024902344,1000
2025-07-01 20:00:00-04:00,30.51594073453,30.83395767211914,30.51594073453,30.83395767211914,3400
2025-07-02 20:00:00-04:00,30.61409397247227,30.761323928833008,30.604278392430825,30.761323928833008,7400
2025-07-06 20:00:00-04:00,30.53557158306265,30.53557158306265,30.06443309588119,30.14590072631836,6300
2025-07-07 20:00:00-04:00,30.506124362885718,30.506124362885718,30.329447666987093,30.33730125427246,4500
2025-07-08 20:00:00-04:00,30.403064727783203,30.403064727783203,30.403064727783203,30.403064727783203,200
2025-07-09 20:00:00-04:00,30.74169340642669,30.92818568682163,30.72206224593659,30.901683807373047,8900
2025-07-10 20:00:00-04:00,30.60918589187561,30.60918589187561,30.525756267959665,30.57581329345703,1100
2025-07-13 20:00:00-04:00,30.69261803513652,30.69261803513652,30.64550399780273,30.64550399780273,600
2025-07-14 20:00:00-04:00,30.50612410320744,30.515939683132743,30.280371381316645,30.28233337402344,3100
2025-07-15 20:00:00-04:00,30.486493615220358,30.493364334106445,30.20577513726569,30.493364334106445,600
2025-07-16 20:00:00-04:00,30.61114883422852,30.61114883422852,30.61114883422852,30.61114883422852,300
2025-07-17 20:00:00-04:00,30.739730834960938,30.739730834960938,30.739730834960938,30.739730834960938,300
2025-07-20 20:00:00-04:00,30.07424904009192,30.90855464275881,30.07424904009192,30.766231536865234,2000
2025-07-21 20:00:00-04:00,30.97726180243604,30.97726180243604,30.869294163699944,30.950761795043945,1800
2025-07-22 20:00:00-04:00,30.987076281163848,31.33061408996582,30.987076281163848,31.33061408996582,25500
2025-07-23 20:00:00-04:00,31.045968958255283,31.075415699040477,30.99689292907715,30.99689292907715,1400
2025-07-24 20:00:00-04:00,30.633724063179724,30.87910795425472,30.633724063179724,30.861440658569336,1900
2025-07-27 20:00:00-04:00,30.584647911171505,30.584647911171505,30.42956623618777,30.529682159423828,1100
2025-07-28 20:00:00-04:00,30.687708436924357,30.729915618896484,30.594463233443047,30.729915618896484,6400
2025-07-29 20:00:00-04:00,30.761325072295,30.761325072295,30.35987663269043,30.35987663269043,16200
2025-07-30 20:00:00-04:00,30.535572570103028,30.535572570103028,30.29804039001465,30.29804039001465,1100
2025-07-31 20:00:00-04:00,30.18221746004746,30.285278241087536,30.01535634554572,30.2116641998291,2400
2025-08-03 20:00:00-04:00,30.614093695427343,30.614093695427343,30.61114883422852,30.61114883422852,500
2025-08-04 20:00:00-04:00,30.722062725472146,30.776047481597303,30.653355534814857,30.75641632080078,3300
2025-08-05 20:00:00-04:00,31.085230296286685,31.085230296286685,30.93800034127765,31.053821563720703,2900
2025-08-06 20:00:00-04:00,31.3208003003723,31.3208003003723,30.894813842419328,30.95272445678711,5500
2025-08-07 20:00:00-04:00,31.14510541926416,31.14510541926416,31.03811690606374,31.07737922668457,600
2025-08-10 20:00:00-04:00,31.1932010132358,31.212830301769195,31.00670873118963,31.09799194335937,2400
2025-08-11 20:00:00-04:00,31.13430709676209,31.40913772583008,31.124491516567105,31.40913772583008,2400
2025-08-12 20:00:00-04:00,31.281539687297165,31.36006245863362,31.261908526430418,31.297243118286133,2100
2025-08-13 20:00:00-04:00,31.350246887208097,31.350246887208097,31.055785090513883,31.18044090270996,2800
2025-08-14 20:00:00-04:00,31.3011675437714,31.315891849812985,31.3011675437714,31.31490898132324,2500
2025-08-17 20:00:00-04:00,31.384599260369743,31.384599260369743,31.330614506138428,31.369874954223636,2700
2025-08-18 20:00:00-04:00,31.108787536621094,31.108787536621094,31.108787536621094,31.108787536621094,200
2025-08-19 20:00:00-04:00,31.13430657314608,31.2030156333554,31.03615451710797,31.133325576782227,9400
2025-08-20 20:00:00-04:00,31.28153915471392,31.379691213115493,31.27172357444766,31.347301483154297,2000
2025-08-21 20:00:00-04:00,31.49747578263692,31.89990520623748,31.49747578263692,31.818437576293945,2000
2025-08-24 20:00:00-04:00,31.42582130432129,31.42582130432129,31.42582130432129,31.42582130432129,400
2025-08-25 20:00:00-04:00,31.39932124524162,31.566182359510474,31.39932124524162,31.53968048095703,3900
2025-08-26 20:00:00-04:00,31.399321584008057,31.55146026611328,31.281538368036014,31.55146026611328,2700
2025-08-27 20:00:00-04:00,31.653541224302256,31.72322941125196,31.55637016113233,31.59562873840332,135300
2025-08-28 20:00:00-04:00,31.7232291320846,31.7232291320846,31.654521942138672,31.654521942138672,800
2025-09-01 20:00:00-04:00,32.24344231957672,32.24344231957672,31.04596958541333,31.300188064575195,56100
2025-09-02 20:00:00-04:00,30.99689216844298,31.13430654447415,30.989040453278477,31.062654495239254,34300
2025-09-03 20:00:00-04:00,31.222645361865773,31.406192779541016,31.222645361865773,31.406192779541016,41900
2025-09-04 20:00:00-04:00,31.693784892397407,31.693784892397407,31.32080032224417,31.44447326660156,1000
2025-09-07 20:00:00-04:00,31.606425737259958,31.606425737259958,31.47784407391131,31.5642204284668,1900
2025-09-08 20:00:00-04:00,31.46901279843921,31.49747667105154,31.38361930847168,31.38361930847168,1300
2025-09-09 20:00:00-04:00,31.585814363140702,31.679061438744927,31.5269208820863,31.639799118041992,18600
2025-09-10 20:00:00-04:00,31.823346071574537,32.039281343768366,31.823346071574537,31.9970760345459,2700
2025-09-11 20:00:00-04:00,31.782122218272782,31.90971914414929,31.782122218272782,31.802734375,900
2025-09-14 20:00:00-04:00,32.07658395988154,32.17473602294922,32.06775124771336,32.17473602294922,1300
2025-09-15 20:00:00-04:00,32.15510285894025,32.15510285894025,31.909718972291785,32.00591278076172,9500
2025-09-16 20:00:00-04:00,31.92444566129672,31.968612964354627,31.72224807739257,31.722248077392575,1000
2025-09-17 20:00:00-04:00,31.52692172690717,31.615260078725463,31.409138505903137,31.53084945678711,1500
2025-09-18 20:00:00-04:00,31.625076457737705,31.625076457737705,31.49256706237793,31.49256706237793,3100
2025-09-21 20:00:00-04:00,31.379690473545228,31.55440330505371,31.36496803955808,31.55440330505371,3600
2025-09-22 20:00:00-04:00,31.63881795889031,31.642741944383825,31.56324005126953,31.56324005126953,900
2025-09-23 20:00:00-04:00,31.261908655140665,31.261908655140665,31.091121673583984,31.091121673583984,2800
2025-09-24 20:00:00-04:00,30.947816977556343,31.116640090942383,30.947816977556343,31.116640090942383,2600
2025-09-25 20:00:00-04:00,31.132345453377617,31.16375418707574,31.095046997070312,31.095046997070312,1400
2025-09-28 20:00:00-04:00,31.310983683494243,31.6545215005621,31.310983683494243,31.590723037719727,4100
2025-09-29 20:00:00-04:00,31.463121640077503,31.61525844870806,31.463121640077503,31.5642204284668,1100
2025-09-30 20:00:00-04:00,31.909719865248203,31.909719865248203,31.737951888639746,31.807640075683597,1900
2025-10-01 20:00:00-04:00,32.09621362023518,32.09621362023518,31.7624913794473,31.90971946716309,2400
2025-10-02 20:00:00-04:00,32.14529110406291,32.292522942702035,32.105047784758376,32.12565994262695,1300
2025-10-05 20:00:00-04:00,32.17473569397718,32.21399801650729,32.13842010498047,32.13842010498047,600
2025-10-06 20:00:00-04:00,32.07658258808362,32.07658258808362,31.79586410522461,31.79586410522461,1800
2025-10-07 20:00:00-04:00,31.99805821961428,31.99805821961428,31.992172241210938,31.992172241210938,300
2025-10-08 20:00:00-04:00,31.94898130462142,31.94898130462142,31.56324005126953,31.56324005126953,4600
2025-10-09 20:00:00-04:00,31.79193531487179,31.79193531487179,31.035171508789062,31.035171508789062,15300
2025-10-12 20:00:00-04:00,31.373802185058597,31.373802185058597,31.373802185058597,31.373802185058597,400
2025-10-13 20:00:00-04:00,31.036155566961607,31.50729031942069,31.036155566961607,31.40521240234375,2800
2025-10-14 20:00:00-04:00,31.487662700807693,31.5377197265625,31.487662700807693,31.5377197265625,700
2025-10-15 20:00:00-04:00,31.821380232704524,32.00787438059507,31.51710661332256,31.57305335998535,6500
2025-10-16 20:00:00-04:00,31.5759973071064,31.5759973071064,31.41895176658476,31.5377197265625,900
2025-10-19 20:00:00-04:00,31.87045950205809,32.02652403899184,31.87045950205809,32.0196533203125,2000
2025-10-20 20:00:00-04:00,31.890091275355285,31.94898101130508,31.75071116213485,31.763471603393555,4200
2025-10-21 20:00:00-04:00,31.85082879088794,31.8704599508569,31.54655142776045,31.686912536621094,5000
2025-10-22 20:00:00-04:00,31.752674215734505,31.97843069195444,31.752674215734505,31.918556213378903,1700
2025-10-23 20:00:00-04:00,31.723228174516866,31.97842951026508,31.723228174516866,31.898923873901367,3700
2025-10-26 20:00:00-04:00,32.24344321594883,32.24344321594883,32.09621512134732,32.17473602294922,3800
2025-10-27 20:00:00-04:00,32.39067427128299,32.39067427128299,32.12075048798452,32.23755645751953,3100
2025-10-28 20:00:00-04:00,32.07658128246172,32.10602615007203,31.654520706829786,31.70261573791504,4200
2025-10-29 20:00:00-04:00,31.428769329002165,31.704579086205737,31.428769329002165,31.56520271301269,1700
2025-10-30 20:00:00-04:00,31.391469694041383,31.517106496607628,31.345336655420077,31.453304290771484,325600
2025-11-02 19:00:00-05:00,31.566182811041067,31.566182811041067,31.247183011745356,31.369874954223636,22700
2025-11-03 19:00:00-05:00,30.97726249694824,31.163754782045224,30.918370886123608,30.97726249694824,1800
2025-11-04 19:00:00-05:00,30.94781641751372,31.293316225540917,30.94781641751372,31.258962631225582,1600
2025-11-05 19:00:00-05:00,31.055783724018053,31.104861624039533,30.918369348218828,31.013578414916992,1500
2025-11-06 19:00:00-05:00,30.869294213340357,30.957632563804086,30.604279161949165,30.95370483398437,28000
2025-11-09 19:00:00-05:00,31.18338572121587,31.40324873186686,31.18338572121587,31.38950729370117,6500
2025-11-10 19:00:00-05:00,31.124491268902087,31.28350067138672,31.124491268902087,31.28350067138672,4600
2025-11-11 19:00:00-05:00,31.16375387528627,31.27663023947023,31.16375387528627,31.200071334838867,6200
2025-11-12 19:00:00-05:00,30.60427929298477,30.60427929298477,30.437418171631126,30.58464813232422,2300
2025-11-13 19:00:00-05:00,30.32944796889076,30.594463015376693,30.32944796889076,30.51201438903809,7400
2025-11-16 19:00:00-05:00,30.18221868743476,30.23423957824707,30.18221868743476,30.23423957824707,1000
2025-11-17 19:00:00-05:00,29.96628200048545,30.041859910824797,29.848496906876328,29.9476318359375,2600
2025-11-18 19:00:00-05:00,29.81905011508962,29.8524227142334,29.730713635195137,29.8524227142334,1700
2025-11-19 19:00:00-05:00,29.94664979093351,30.044803720149112,29.442140579223636,29.442140579223636,3500
2025-11-20 19:00:00-05:00,29.573666027333424,29.89757269193885,29.544221158270545,29.868127822875977,40200
2025-11-23 19:00:00-05:00,29.936834524342405,30.084064483642575,29.887758495285848,30.084064483642575,275700
2025-11-24 19:00:00-05:00,30.06443357036053,30.22148098331989,30.02517312121859,30.209701538085938,3200
2025-11-25 19:00:00-05:00,30.221481078723578,30.52084785478385,30.221481078723578,30.516921997070312,4200
2025-11-27 19:00:00-05:00,30.339262991718357,30.692616380542447,30.29018696421743,30.65433692932129,3500
2025-11-30 19:00:00-05:00,30.525755661002435,30.63372329732746,30.38932228088379,30.38932228088379,6800
2025-12-01 19:00:00-05:00,30.56011022775385,30.61213111877441,30.535572212904945,30.61213111877441,1000
2025-12-02 19:00:00-05:00,30.722061408938863,30.84769821166992,30.722061408938863,30.84769821166992,2100
2025-12-03 19:00:00-05:00,30.908554857370845,31.06560039871264,30.908554857370845,30.984132766723636,1500
2025-12-04 19:00:00-05:00,31.01161497326472,31.03124613354121,30.98217010498047,30.98217010498047,3100
2025-12-07 19:00:00-05:00,31.04596884587685,31.06854486761016,30.918370047197268,30.92327690124512,6900
2025-12-08 19:00:00-05:00,31.047932484352536,31.095046520242505,31.03124618530273,31.03124618530273,6100
2025-12-09 19:00:00-05:00,31.09504687391601,31.347301483154297,31.045968972584717,31.347301483154297,2800
2025-12-10 19:00:00-05:00,31.38950653969717,31.399322119884097,31.310983770332207,31.384599685668945,3300
2025-12-11 19:00:00-05:00,31.40913778992904,31.496495143351304,31.03615510241105,31.224609375,5700
2025-12-14 19:00:00-05:00,31.44839943177552,31.44839943177552,31.050876866237804,31.130380630493164,2500
2025-12-15 19:00:00-05:00,31.134306750708987,31.134306750708987,30.85947799682617,30.85947799682617,28300
2025-12-16 19:00:00-05:00,30.893831227466475,30.918369241327152,30.706357955932617,30.706357955932617,8700
2025-12-17 19:00:00-05:00,31.13430762351985,31.13430762351985,30.93800163269043,30.93800163269043,5100
2025-12-18 19:00:00-05:00,31.145000457763672,31.229999542236328,31.059999465942383,31.059999465942383,6000
2025-12-21 19:00:00-05:00,31.100000381469727,31.40999984741211,31.100000381469727,31.40999984741211,3300
2025-12-22 19:00:00-05:00,31.75,31.902999877929688,31.75,31.902999877929688,7000
2025-12-23 19:00:00-05:00,31.825000762939453,31.940000534057617,31.825000762939453,31.86000061035156,1200
2025-12-25 19:00:00-05:00,32.08000183105469,32.08000183105469,32.0099983215332,32.0099983215332,1800
2025-12-28 19:00:00-05:00,31.6200008392334,31.780000686645508,31.59000015258789,31.690000534057617,4300
2025-12-29 19:00:00-05:00,31.84000015258789,31.84000015258789,31.700000762939453,31.75900077819824,52100
2025-12-30 19:00:00-05:00,31.3700008392334,31.5,31.3700008392334,31.4379997253418,1100
2026-01-01 19:00:00-05:00,31.71500015258789,31.780000686645508,31.600000381469727,31.729999542236328,4900
2026-01-04 19:00:00-05:00,31.690000534057617,31.92300033569336,31.6200008392334,31.92300033569336,5600
2026-01-05 19:00:00-05:00,31.61000061035156,31.882999420166016,31.61000061035156,31.882999420166016,4700
2026-01-06 19:00:00-05:00,32.040000915527344,32.040000915527344,31.670000076293945,31.670000076293945,5100
2026-01-07 19:00:00-05:00,31.68000030517578,31.749000549316406,31.600000381469727,31.749000549316406,3100
2026-01-08 19:00:00-05:00,31.3700008392334,31.545000076293945,31.3700008392334,31.5310001373291,5300
2026-01-11 19:00:00-05:00,31.850000381469727,32.060001373291016,31.840999603271484,31.94499969482422,309000
2026-01-12 19:00:00-05:00,31.920000076293945,31.979999542236328,31.790000915527344,31.84499931335449,31400
2026-01-13 19:00:00-05:00,31.84000015258789,31.950000762939453,31.81999969482422,31.929000854492188,18100
2026-01-14 19:00:00-05:00,32.05899810791016,32.22999954223633,32.05899810791016,32.08700180053711,700
2026-01-15 19:00:00-05:00,32.099998474121094,32.233001708984375,32.09000015258789,32.17399978637695,3000
2026-01-19 19:00:00-05:00,32.09000015258789,32.119998931884766,31.8799991607666,31.96999931335449,180400
2026-01-20 19:00:00-05:00,32.029998779296875,32.185001373291016,31.94499969482422,32.1609992980957,4600
2026-01-21 19:00:00-05:00,32.59000015258789,32.77000045776367,32.59000015258789,32.691001892089844,5600
2026-01-22 19:00:00-05:00,32.79999923706055,33.04899978637695,32.7400016784668,33.040000915527344,7300
2026-01-23 00:00:00,32.79999923706055,33.04899978637695,32.7400016784668,33.040000915527344,7300
