Date,Open,High,Low,Close,Volume
2021-01-25 19:00:00-05:00,40.80782384366415,40.80782384366415,40.74554061889648,40.74554061889648,18700
2021-01-26 19:00:00-05:00,40.78355367560124,40.78355367560124,40.67031145367281,40.67840194702149,14100
2021-01-27 19:00:00-05:00,40.726942867939904,40.80783239379484,40.69459014321783,40.73260498046875,89200
2021-01-28 19:00:00-05:00,40.74068392325025,40.76980291005296,40.74068392325025,40.76333236694336,2300
2021-01-31 19:00:00-05:00,40.7941043936331,40.86698004949403,40.77629089355469,40.77629089355469,18600
2021-02-01 19:00:00-05:00,40.810306549072266,40.85079234530013,40.810306549072266,40.810306549072266,571600
2021-02-02 19:00:00-05:00,40.82649839646881,40.82649839646881,40.786012600240944,40.810306549072266,5500
2021-02-03 19:00:00-05:00,40.810306549072266,40.85079234530013,40.786012600240944,40.810306549072266,9700
2021-02-04 19:00:00-05:00,40.89127715876395,40.89127715876395,40.851600646972656,40.851600646972656,5900
2021-02-07 19:00:00-05:00,40.83864691531859,40.8750832052632,40.810306549072266,40.810306549072266,3400
2021-02-08 19:00:00-05:00,40.85887852034544,40.85887852034544,40.834587666178,40.84673309326172,9200
2021-02-09 19:00:00-05:00,40.89126781534717,40.89126781534717,40.83458709716797,40.83458709716797,11300
2021-02-10 19:00:00-05:00,40.83378812555233,40.8426933327336,40.810306549072266,40.810306549072266,9300
2021-02-11 19:00:00-05:00,40.88317530514242,40.88317530514242,40.81839557103645,40.87507629394531,7800
2021-02-15 19:00:00-05:00,40.89936065269144,40.90745966260197,40.84511087730671,40.87992858886719,13400
2021-02-16 19:00:00-05:00,40.85645577950993,42.53502073191973,40.85645577950993,40.89127349853516,96700
2021-02-17 19:00:00-05:00,40.90747492846027,40.9155708525248,40.871035547998886,40.899375915527344,49900
2021-02-18 19:00:00-05:00,40.86778543295212,40.91555785638238,40.86778543295212,40.88317108154297,17200
2021-02-21 19:00:00-05:00,40.89693889226144,41.05321706481058,40.89127082002703,40.90908432006836,57000
2021-02-22 19:00:00-05:00,40.87508618798732,41.04108198016328,40.87508618798732,40.90423583984375,8100
2021-02-23 19:00:00-05:00,40.89127195502256,42.78603596718624,40.89127195502256,40.9204216003418,33200
2021-02-24 19:00:00-05:00,40.931765944492994,40.931765944492994,40.90747508333904,40.919620513916016,3100
2021-02-25 19:00:00-05:00,41.09369690516065,41.46617105203692,40.91555575279928,40.932559967041016,32700
2021-02-28 19:00:00-05:00,40.94959470201876,40.95364837799937,40.90339330880574,40.91717147827149,8100
2021-03-01 19:00:00-05:00,40.93013495440824,40.95769438230703,40.93013495440824,40.953643798828125,18800
2021-03-02 19:00:00-05:00,40.90094757080078,40.90905492032478,40.86852435680054,40.90094757080078,11000
2021-03-03 19:00:00-05:00,40.94958078079794,40.94958078079794,40.892841704553625,40.92121124267578,3500
2021-03-04 19:00:00-05:00,40.895284480833546,40.917170001470616,40.86043090798514,40.89690780639648,7900
2021-03-07 19:00:00-05:00,40.90095986639785,40.93338309014512,40.90095986639785,40.91717147827149,39700
2021-03-08 19:00:00-05:00,40.90987733514543,40.9487845852324,40.90987733514543,40.91717147827149,228800
2021-03-09 19:00:00-05:00,40.91715671080196,40.94957992284733,40.86852189273392,40.90499877929688,4400
2021-03-10 19:00:00-05:00,40.87988109148687,40.94148397470842,40.87988109148687,40.90987396240234,8100
2021-03-11 19:00:00-05:00,40.9252883063012,40.965815799344846,40.90096933683539,40.90907669067383,23400
2021-03-14 20:00:00-04:00,40.878251678254784,40.92526626586914,40.878251678254784,40.92526626586914,9700
2021-03-15 20:00:00-04:00,40.965815799344846,40.965815799344846,40.89043163207513,40.90907669067383,57800
2021-03-16 20:00:00-04:00,40.9244517087196,40.92526491727831,40.91310389347073,40.92121124267578,2200
2021-03-17 20:00:00-04:00,40.95688156953224,40.95688156953224,40.92527156023535,40.945533752441406,40400
2021-03-18 20:00:00-04:00,40.92527345426765,40.949589322859566,40.90906184452359,40.93256759643555,20500
2021-03-21 20:00:00-04:00,40.93337757865997,41.12791380290143,40.92527331983875,40.97309494018555,99600
2021-03-22 20:00:00-04:00,40.90906031150789,40.97390365600586,40.90906031150789,40.97390365600586,4600
2021-03-23 20:00:00-04:00,40.96174374921544,41.06306398240258,40.91797271585981,40.965797424316406,10500
2021-03-24 20:00:00-04:00,40.94959012330077,40.97390599236798,40.94959012330077,40.953643798828125,2200
2021-03-25 20:00:00-04:00,40.95768207881061,40.97389368400168,40.93741989135742,40.93741989135742,3100
2021-03-28 20:00:00-04:00,40.93175509218802,40.95769119262695,40.93175509218802,40.95769119262695,6400
2021-03-29 20:00:00-04:00,40.94959420606584,40.961752141811616,40.90906672289699,40.92932891845703,6300
2021-03-30 20:00:00-04:00,40.95689548562148,40.95770560253919,40.93582007756385,40.94149398803711,3800
2021-03-31 20:00:00-04:00,40.93499314913375,40.95122146606445,40.911463172916456,40.95122146606445,2200
2021-04-04 20:00:00-04:00,40.82950486835453,40.95932829022392,40.82950486835453,40.94309997558594,4000
2021-04-05 20:00:00-04:00,40.9114573929912,40.95932829022392,40.9114573929912,40.94309997558594,6700
2021-04-06 20:00:00-04:00,40.894416614232185,40.967442479784665,40.894416614232185,40.95689392089844,53800
2021-04-07 20:00:00-04:00,40.92688131232184,41.008022904646594,40.90254038224205,40.99179458618164,4200
2021-04-08 20:00:00-04:00,40.975557791682114,40.975557791682114,40.91064453125,40.91064453125,16300
2021-04-11 20:00:00-04:00,40.92687645868962,40.94716262817383,40.92687645868962,40.94716262817383,800
2021-04-12 20:00:00-04:00,40.914706979161615,40.95122146606445,40.9106491261202,40.95122146606445,5100
2021-04-13 20:00:00-04:00,40.926880329317925,41.01613453111377,40.89442678840277,40.987735748291016,4500
2021-04-14 20:00:00-04:00,41.01613110439456,41.01613110439456,40.92687691005552,41.00801849365234,10500
2021-04-15 20:00:00-04:00,40.99179202146109,41.04047697380989,40.98611226511549,40.99990463256836,85800
2021-04-18 20:00:00-04:00,41.01613110439456,41.05670034857551,40.97637281176434,41.00801849365234,6600
2021-04-19 20:00:00-04:00,40.95933190364713,40.99259948730469,40.91876266109041,40.99259948730469,14300
2021-04-20 20:00:00-04:00,40.999903587297695,40.999903587297695,40.93499341438922,40.95527648925781,9000
2021-04-21 20:00:00-04:00,40.939040618049816,41.03234954769002,40.93498276603767,40.9958381652832,43300
2021-04-22 20:00:00-04:00,40.96745458179098,40.9715093400724,40.92688223709421,40.96826553344727,17700
2021-04-25 20:00:00-04:00,40.94716426804212,40.99179136650671,40.92687809774548,40.975563049316406,6800
2021-04-26 20:00:00-04:00,40.999902335503926,40.999902335503926,40.94716262817383,40.94716262817383,2800
2021-04-27 20:00:00-04:00,40.943104775230005,40.96744879765804,40.943104775230005,40.94716262817383,12700
2021-04-28 20:00:00-04:00,40.91876319177267,40.95933243485554,40.91876319177267,40.94878387451172,1000
2021-04-29 20:00:00-04:00,40.95933407691232,40.95933407691232,40.94310575998161,40.95122146606445,7000
2021-05-02 20:00:00-04:00,40.940648060165785,41.05760823868018,40.940648060165785,40.9845085144043,6800
2021-05-03 20:00:00-04:00,40.93578300796032,40.984514098540544,40.8951696346563,40.96421051025391,13100
2021-05-04 20:00:00-04:00,40.85456732999717,40.96746558946912,40.85456732999717,40.939849853515625,14400
2021-05-05 20:00:00-04:00,40.93984848506378,40.96096694685749,40.903300161220095,40.92766571044922,90900
2021-05-06 20:00:00-04:00,41.04137222842552,41.04137222842552,40.93578612521774,40.96015167236328,18300
2021-05-09 20:00:00-04:00,40.96664789074634,40.9804573059082,40.942282344227856,40.9804573059082,1200
2021-05-10 20:00:00-04:00,40.95202463924348,40.97639328289896,40.95202463924348,40.96421051025391,1900
2021-05-11 20:00:00-04:00,40.98045523990244,40.9966968711856,40.96014855325043,40.96421051025391,6600
2021-05-12 20:00:00-04:00,40.97640030469832,40.984521121731504,40.95203165686698,40.95284652709961,69800
2021-05-13 20:00:00-04:00,40.97395484860037,40.98451407778484,40.95202461850423,40.96826934814453,3800
2021-05-16 20:00:00-04:00,40.992625781405074,41.008870506206605,40.93577079378196,40.96744537353516,6500
2021-05-17 20:00:00-04:00,40.98857917682162,41.0007619503944,40.96015167236328,40.96015167236328,5300
2021-05-18 20:00:00-04:00,41.00888272142798,41.00888272142798,40.94390380286676,40.96826934814453,1900
2021-05-19 20:00:00-04:00,40.97639946049056,40.99264419258815,40.93578917942951,40.95934295654297,5700
2021-05-20 20:00:00-04:00,40.96014724567163,40.97070647452436,40.91953697202939,40.94877624511719,8800
2021-05-23 20:00:00-04:00,40.935789718142026,40.96015526742613,40.78146631036701,40.86268997192383,22700
2021-05-24 20:00:00-04:00,40.96014674994995,40.96014674994995,40.81475905960695,40.81557083129883,11600
2021-05-25 20:00:00-04:00,40.903294600725815,40.94390487670898,40.80582931869312,40.94390487670898,13400
2021-05-26 20:00:00-04:00,40.96014960677535,40.96014960677535,40.92766014664262,40.94390487670898,10100
2021-05-27 20:00:00-04:00,40.887050880311456,40.9804573059082,40.887050880311456,40.9804573059082,4800
2021-05-31 20:00:00-04:00,40.978821993249575,41.050370494864346,40.80645613529124,41.00971603393555,20000
2021-06-01 20:00:00-04:00,41.009734054164966,41.009734054164966,40.9446924707986,40.97721481323242,52400
2021-06-02 20:00:00-04:00,40.97721481323242,41.009734054164966,40.952821505656416,40.97721481323242,3100
2021-06-03 20:00:00-04:00,40.95281411629877,41.00891406134922,40.79833766986312,40.992652893066406,15900
2021-06-06 20:00:00-04:00,41.009732091325056,41.06664463710961,40.97558456385432,41.01786422729492,68900
2021-06-07 20:00:00-04:00,41.01786940710796,41.09104313257164,41.009737270111145,41.04632568359375,4500
2021-06-08 20:00:00-04:00,41.01785531017636,41.02598434287788,40.96094277676436,40.99752807617188,85500
2021-06-09 20:00:00-04:00,41.01786098431338,41.05851235644533,40.99753374749696,41.038185119628906,62900
2021-06-10 20:00:00-04:00,41.03249660324163,41.15607901584897,41.02599275544668,41.09510040283203,11500
2021-06-13 20:00:00-04:00,41.05849952615015,41.05849952615015,41.00158700264974,41.00971603393555,4000
2021-06-14 20:00:00-04:00,41.02598003655792,41.02598003655792,40.985328674316406,40.985328674316406,4400
2021-06-15 20:00:00-04:00,40.997537074216446,41.32682034865674,40.997537074216446,41.02599334716797,3600
2021-06-16 20:00:00-04:00,41.0162391260854,41.05851568811288,41.0162391260854,41.02599334716797,2100
2021-06-17 20:00:00-04:00,41.01379468189215,41.03412191859222,40.99346744519209,41.02273941040039,6700
2021-06-20 20:00:00-04:00,40.9365490760303,41.05850627586572,40.9365490760303,40.99346160888672,2100
2021-06-21 20:00:00-04:00,40.98288728231442,41.07475991115111,40.98125899488821,41.07231903076172,10200
2021-06-22 20:00:00-04:00,41.04223168273828,41.074754005588574,40.94466781568684,41.0251579284668,17100
2021-06-23 20:00:00-04:00,41.03413057960006,41.07478196007954,40.97721802662848,41.04632568359375,64200
2021-06-24 20:00:00-04:00,41.02437325580449,41.07478196007954,41.01786940710796,41.04632568359375,9200
2021-06-27 20:00:00-04:00,41.02762947467808,41.05852353342807,40.99347883910973,41.03250503540039,28300
2021-06-28 20:00:00-04:00,40.99347100622305,41.03575066975167,40.83086550450074,41.02599334716797,19600
2021-06-29 20:00:00-04:00,41.0422433819386,41.09915591239996,41.009721049817735,41.02191925048828,38400
2021-06-30 20:00:00-04:00,41.034942785503205,41.04226648277108,41.03005928579894,41.03412628173828,2100
2021-07-01 20:00:00-04:00,41.01377450740935,41.01377450740935,40.98529001814425,41.00563430786133,4600
2021-07-05 20:00:00-04:00,41.07482107774813,41.11551276918094,41.00971188779401,41.03412628173828,8900
2021-07-06 20:00:00-04:00,41.025985553132045,41.03819274902344,41.00970825708459,41.03819274902344,5900
2021-07-07 20:00:00-04:00,41.05448169958279,41.0748291015625,41.04227450022602,41.0748291015625,82900
2021-07-08 20:00:00-04:00,41.10738059832132,41.11552080094428,41.01786010151249,41.0748291015625,17700
2021-07-11 20:00:00-04:00,41.01378839302061,41.03413268962545,40.99344099183824,41.01541519165039,3200
2021-07-12 20:00:00-04:00,41.009715237271024,41.33525500447605,41.009715237271024,41.091915130615234,92800
2021-07-13 20:00:00-04:00,41.02598562174261,41.15620088576323,41.02598562174261,41.103302001953125,7200
2021-07-14 20:00:00-04:00,41.12364233219669,41.18061131068188,41.0951578429541,41.13178253173828,2400
2021-07-15 20:00:00-04:00,41.0829582371545,41.13179012969491,41.0829582371545,41.09923553466797,47200
2021-07-18 20:00:00-04:00,41.00158280084425,41.18876710166253,41.00158280084425,41.0748291015625,91800
2021-07-19 20:00:00-04:00,41.00970834277984,41.172478199017725,41.00970834277984,41.11957931518555,6300
2021-07-20 20:00:00-04:00,41.09111022949219,41.13180193266402,41.0260010207549,41.09111022949219,10700
2021-07-21 20:00:00-04:00,41.07075501902485,41.087032318115234,41.0585478208514,41.087032318115234,2300
2021-07-22 20:00:00-04:00,41.09109477170882,41.09109477170882,41.0569133813536,41.07074737548828,3400
2021-07-25 20:00:00-04:00,41.09028624925874,41.09028624925874,41.03413065354243,41.062618255615234,1200
2021-07-26 20:00:00-04:00,41.09843392887285,41.25387704217951,41.05855562512354,41.09111022949219,561800
2021-07-27 20:00:00-04:00,41.08297002611105,41.09924732829537,41.07889992442048,41.09111022949219,98500
2021-07-28 20:00:00-04:00,41.09434872568316,41.12364661701726,41.08295492879896,41.09027862548828,65000
2021-07-29 20:00:00-04:00,41.10655559842199,41.11550919786493,41.08295460571559,41.103302001953125,3500
2021-08-01 20:00:00-04:00,41.04630477085238,41.10331327721416,41.04630477085238,41.0870246887207,30100
2021-08-02 20:00:00-04:00,41.09353967156259,41.1114561869598,41.087024857484565,41.10331344604492,4400
2021-08-03 20:00:00-04:00,41.07888047824021,41.10331491531947,41.07888047824021,41.09516906738281,1900
2021-08-04 20:00:00-04:00,41.11064620613452,41.294704478639616,41.07888298935518,41.119606018066406,587900
2021-08-05 20:00:00-04:00,41.11959357239545,41.2010333917067,41.095159141218105,41.13180923461914,33700
2021-08-08 20:00:00-04:00,41.09516160912607,41.12773878149893,41.09516160912607,41.1114501953125,22400
2021-08-09 20:00:00-04:00,41.20916869589822,41.20916869589822,41.09596568984573,41.1407585144043,29700
2021-08-10 20:00:00-04:00,41.11958641156481,41.16844905195032,41.10329782919317,41.13587188720703,89800
2021-08-11 20:00:00-04:00,41.10982243977614,41.12773895263672,41.10982243977614,41.12773895263672,2200
2021-08-12 20:00:00-04:00,41.12772914938592,41.144017731757565,41.11144056701428,41.13587188720703,17300
2021-08-15 20:00:00-04:00,41.18474480649846,41.2010333917067,41.1155206494109,41.13180923461914,13100
2021-08-16 20:00:00-04:00,41.29063202080412,41.29063202080412,41.11146063398984,41.12367630004883,5300
2021-08-17 20:00:00-04:00,41.11146063398984,41.12774922431214,41.10331789219417,41.12367630004883,11100
2021-08-18 20:00:00-04:00,41.19288747247038,41.20917294969146,41.127733136667175,41.15216445922852,34000
2021-08-19 20:00:00-04:00,41.27433312219444,41.27433312219444,41.12773895263672,41.12773895263672,6400
2021-08-22 20:00:00-04:00,41.11958641156481,41.144017731757565,41.11958641156481,41.13587188720703,6400
2021-08-23 20:00:00-04:00,41.24989314135158,41.24989314135158,41.127730323441625,41.13994598388672,3200
2021-08-24 20:00:00-04:00,41.24989596293332,41.24989596293332,41.127733136667175,41.15216445922852,12300
2021-08-25 20:00:00-04:00,41.27432564024896,41.27432564024896,41.13424630923958,41.144020080566406,15500
2021-08-26 20:00:00-04:00,41.14402506894177,41.16031365421814,41.13995214594018,41.14809799194336,7500
2021-08-29 20:00:00-04:00,41.135880031784254,41.18474578857422,41.135880031784254,41.18474578857422,15200
2021-08-30 20:00:00-04:00,41.13587922293859,41.15216780821497,41.13587922293859,41.14809799194336,16800
2021-08-31 20:00:00-04:00,41.13179443843056,41.18070375664316,41.13179443843056,41.16032409667969,17000
2021-09-01 20:00:00-04:00,41.148108334168725,41.16441144451451,41.148108334168725,41.1562614440918,10500
2021-09-02 20:00:00-04:00,41.22962388589768,41.22962388589768,41.13180522382294,41.1562614440918,8400
2021-09-06 20:00:00-04:00,41.555671542497656,41.555671542497656,41.14076785315955,41.15217971801758,8700
2021-09-07 20:00:00-04:00,41.28667284030279,41.28667284030279,41.13994799356907,41.14809799194336,175000
2021-09-08 20:00:00-04:00,41.19701023196947,41.19701023196947,41.16032746293508,41.17255401611328,44400
2021-09-09 20:00:00-04:00,41.15625065228662,41.16440065057229,41.15625065228662,41.16032409667969,33800
2021-09-12 20:00:00-04:00,41.28668321735777,41.28668321735777,41.1562614440918,41.1562614440918,35800
2021-09-13 20:00:00-04:00,41.17255627126407,41.25407181274992,41.13995316416969,41.15217971801758,71400
2021-09-14 20:00:00-04:00,41.12365005587253,41.15625627246686,41.12365005587253,41.15217971801758,39000
2021-09-15 20:00:00-04:00,41.14810316356829,41.15625627246686,41.14647378558857,41.15217971801758,15700
2021-09-16 20:00:00-04:00,41.24591870385135,41.24591870385135,41.14810316356829,41.15217971801758,6700
2021-09-19 20:00:00-04:00,41.28668321735777,41.28668321735777,41.148108334168725,41.1562614440918,10100
2021-09-20 20:00:00-04:00,41.1562614440918,41.16359675542228,41.1562614440918,41.1562614440918,3500
2021-09-21 20:00:00-04:00,41.18886244742802,41.20435086788895,41.1644093379109,41.16767120361328,16700
2021-09-22 20:00:00-04:00,41.278519283568805,41.278519283568805,41.15625065228662,41.16032409667969,39800
2021-09-23 20:00:00-04:00,41.18641325978146,41.18885732662923,41.17255421914464,41.17418670654297,12300
2021-09-26 20:00:00-04:00,41.15625401820888,41.18070712456528,41.15625401820888,41.17255401611328,13600
2021-09-27 20:00:00-04:00,41.18477740530577,41.18477740530577,41.16439774677992,41.1766242980957,8900
2021-09-28 20:00:00-04:00,41.18070712456528,41.18885712351748,41.16440401716108,41.17255401611328,9200
2021-09-29 20:00:00-04:00,41.18885983835657,41.18885983835657,41.172556729877805,41.18070983886719,85300
2021-09-30 20:00:00-04:00,41.20273834001626,41.21905662967799,41.17826246172143,41.19865798950195,305700
2021-10-03 20:00:00-04:00,41.19458075138316,41.21905662967799,41.17826246172143,41.19865798950195,4600
2021-10-04 20:00:00-04:00,41.178254490725166,41.178254490725166,41.17009379127624,41.17662048339844,235900
2021-10-05 20:00:00-04:00,41.17010077574497,41.20273735428763,41.17010077574497,41.18233871459961,23000
2021-10-06 20:00:00-04:00,41.17826147657836,41.1864190650163,41.17826147657836,41.18233871459961,10800
2021-10-07 20:00:00-04:00,41.18640412146348,41.25167725486592,41.1798774306021,41.19456481933594,92100
2021-10-10 20:00:00-04:00,41.31696451812461,41.31696451812461,41.17010301907571,41.17744827270508,10900
2021-10-11 20:00:00-04:00,41.12114559972765,41.20681427697933,41.12114559972765,41.17009735107422,7900
2021-10-12 20:00:00-04:00,41.259846378403175,41.259846378403175,41.16602011339212,41.17009735107422,8700
2021-10-13 20:00:00-04:00,41.170100492387725,41.170100492387725,41.1635737992032,41.16602325439453,10200
2021-10-14 20:00:00-04:00,41.170100492387725,41.170100492387725,41.15786255361731,41.16602325439453,5700
2021-10-17 20:00:00-04:00,41.16195014058929,41.18642602243315,41.16195014058929,41.17826843261719,13300
2021-10-18 20:00:00-04:00,41.235370502729886,41.25087023071221,41.16602011339212,41.17009735107422,55500
2021-10-19 20:00:00-04:00,41.243516556993455,41.243516556993455,41.17008583811287,41.19456481933594,45600
2021-10-20 20:00:00-04:00,41.2190406881647,41.2190406881647,41.18640412146348,41.19456481933594,36300
2021-10-21 20:00:00-04:00,41.19457376566672,41.19457376566672,41.17825547877222,41.19293975830078,18300
2021-10-24 20:00:00-04:00,41.20844958577809,41.21089592864937,41.18642005035454,41.19865798950195,11800
2021-10-25 20:00:00-04:00,41.19456481933594,41.21087999029224,41.18640412146348,41.19456481933594,23600
2021-10-26 20:00:00-04:00,41.202739324964334,41.235375905067954,41.202739324964334,41.2149772644043,44800
2021-10-27 20:00:00-04:00,41.24352838889461,41.24352838889461,41.19457663719386,41.22639465332031,24600
2021-10-28 20:00:00-04:00,41.22721276412662,41.235373464867386,41.21089447504048,41.21905517578125,19000
2021-10-31 20:00:00-04:00,41.21577452909289,41.223944283337126,41.20760789069696,41.216590881347656,13400
2021-11-01 20:00:00-04:00,41.2157726779178,41.23210906982422,41.18309989410495,41.23210906982422,21700
2021-11-02 20:00:00-04:00,41.24029476253969,41.26479780194535,41.23212500550489,41.23457717895508,13700
2021-11-03 20:00:00-04:00,41.23212751814794,41.28848700489496,41.22314452388149,41.22396087646485,7300
2021-11-04 20:00:00-04:00,41.24437136932258,41.24437136932258,41.215783454973234,41.22803497314453,6900
2021-11-07 19:00:00-05:00,41.23212309088253,41.25662612915039,41.22395645007632,41.25662612915039,65100
2021-11-08 19:00:00-05:00,41.240295373501965,41.2893014530393,41.21578921788389,41.24437713623047,41700
2021-11-09 19:00:00-05:00,41.3464728376226,41.3464728376226,41.21578477984626,41.2362060546875,369500
2021-11-10 19:00:00-05:00,41.28113102994858,41.297467426914245,41.20761880152766,41.24029159545898,104100
2021-11-11 19:00:00-05:00,41.24846267700195,41.24846267700195,41.22395963683992,41.24846267700195,278500
2021-11-14 19:00:00-05:00,41.239459355635255,41.24027882370152,41.22802419288558,41.23210906982422,19200
2021-11-15 19:00:00-05:00,41.24027882370152,41.24027882370152,41.22475878401318,41.23210906982422,14000
2021-11-16 19:00:00-05:00,41.26478185363707,41.26478185363707,41.22394243179509,41.23210906982422,86800
2021-11-17 19:00:00-05:00,41.23947146451869,41.25662421367967,41.22395453612239,41.2362060546875,36400
2021-11-18 19:00:00-05:00,41.27295363099228,41.28112338588687,41.20761117107827,41.2411003112793,35000
2021-11-21 19:00:00-05:00,41.24845823601726,41.31380382387991,41.24029159545898,41.24029159545898,30500
2021-11-22 19:00:00-05:00,41.22395519849332,41.27296127354119,41.22395519849332,41.24029159545898,22800
2021-11-23 19:00:00-05:00,41.34647475726484,41.34647475726484,41.23212309088253,41.25662612915039,17500
2021-11-25 19:00:00-05:00,41.37914369349974,41.37914369349974,41.215782849966224,41.2174186706543,24500
2021-11-28 19:00:00-05:00,41.34647795349955,41.34647795349955,41.20762323811541,41.24846267700195,57200
2021-11-29 19:00:00-05:00,41.3464728376226,41.3464728376226,41.21578477984626,41.2362060546875,42600
2021-11-30 19:00:00-05:00,41.39649278737068,41.39649278737068,41.249290466308594,41.249290466308594,21900
2021-12-01 19:00:00-05:00,41.24928273081454,41.2901746831444,41.20839389810265,41.22883987426758,48200
2021-12-02 19:00:00-05:00,41.24111175537109,41.26564443437209,41.232932115958505,41.24111175537109,67700
2021-12-05 19:00:00-05:00,41.2247600724481,41.23293659313013,41.20840391146532,41.215763092041016,188900
2021-12-06 19:00:00-05:00,41.20024108886719,41.216597255288,41.18388492244637,41.20024108886719,82400
2021-12-07 19:00:00-05:00,41.18387755635787,41.24929909072017,41.18387755635787,41.24848175048828,105600
2021-12-08 19:00:00-05:00,41.347422231043794,41.347422231043794,41.18795358986846,41.21248626708984,22500
2021-12-09 19:00:00-05:00,41.34742523040607,41.34742523040607,41.232932115958505,41.24111175537109,109400
2021-12-12 19:00:00-05:00,41.241113946080056,41.47009394790173,41.22884760592797,41.249290466308594,98100
2021-12-13 19:00:00-05:00,41.22475685783135,41.29835801670527,41.22475685783135,41.257469177246094,119300
2021-12-14 19:00:00-05:00,41.21658126577589,41.26564662638422,41.21658126577589,41.249290466308594,402400
2021-12-15 19:00:00-05:00,41.26565050786402,41.32289551370395,41.241117825252296,41.25665664672852,214300
2021-12-16 19:00:00-05:00,41.25747010615568,41.26564662638422,41.249290466308594,41.249290466308594,28200
2021-12-19 19:00:00-05:00,41.33925643013514,41.33925643013514,41.24112256878208,41.24848175048828,27500
2021-12-20 19:00:00-05:00,41.21658033778691,41.26155899707756,41.19286187845921,41.257469177246094,123200
2021-12-21 19:00:00-05:00,41.232932115958505,41.2492882751653,41.2002229171633,41.24111175537109,145400
2021-12-22 19:00:00-05:00,41.26158365136544,41.286143117713095,41.22965384669371,41.253395080566406,21000
2021-12-26 19:00:00-05:00,41.24521174297933,41.2697712105835,41.23702317176135,41.24029922485352,47100
2021-12-27 19:00:00-05:00,41.24521614501427,41.27796106430635,41.22884212385563,41.25749588012695,245100
2021-12-28 19:00:00-05:00,41.24520963279209,41.27795454691407,41.22146839891939,41.253395080566406,47300
2021-12-29 19:00:00-05:00,41.24029711491762,41.26158365136544,41.23702106199306,41.253395080566406,119200
2021-12-30 19:00:00-05:00,41.245208740234375,41.25339418783155,41.23702016961255,41.245208740234375,34900
2022-01-02 19:00:00-05:00,41.25338844442592,41.25338844442592,41.223098232601394,41.244384765625,39300
2022-01-03 19:00:00-05:00,41.26157687408228,41.27794776694196,41.2452028581984,41.25993728637695,43200
2022-01-04 19:00:00-05:00,41.24520963279209,41.286143117713095,41.23702106199306,41.253395080566406,59700
2022-01-05 19:00:00-05:00,41.35982162989947,41.35982162989947,41.23456336380229,41.25830459594727,74300
2022-01-06 19:00:00-05:00,41.24519930495823,41.27385304953048,41.23701073620962,41.249290466308594,55200
2022-01-09 19:00:00-05:00,41.40894368204474,41.40894368204474,41.23701806104853,41.25830459594727,142300
2022-01-10 19:00:00-05:00,41.35982329895203,41.35982329895203,41.25421197563638,41.26976776123047,317900
2022-01-11 19:00:00-05:00,41.27795657754498,41.32707863568152,41.26977112936798,41.29433059692383,147800
2022-01-12 19:00:00-05:00,41.335257338801,41.36800224671654,41.29432073861435,41.30250930786133,83700
2022-01-13 19:00:00-05:00,41.30251916812568,41.34263442254516,41.29433059692383,41.29433059692383,104200
2022-01-17 19:00:00-05:00,41.29433059692383,41.31070461630267,41.27877793308505,41.29433059692383,103400
2022-01-18 19:00:00-05:00,41.28614514874683,41.31070461630267,41.28614514874683,41.29433059692383,219700
2022-01-19 19:00:00-05:00,41.3025066403648,41.39256215812065,41.2451991514336,41.33525466918945,508400
2022-01-20 19:00:00-05:00,41.29433465432033,41.38439020824003,41.29433465432033,41.31889724731445,65800
2022-01-23 19:00:00-05:00,41.40894501321248,41.40894501321248,41.31070090576369,41.33444213867188,54100
2022-01-24 19:00:00-05:00,41.31070597671541,41.35982803646961,41.31070597671541,41.31480026245117,116100
2022-01-25 19:00:00-05:00,41.318880654777125,41.38027930504346,41.310692086059,41.33525466918945,208300
2022-01-26 19:00:00-05:00,41.33526408413084,41.408945604256814,41.318890065989,41.35163497924805,311200
2022-01-27 19:00:00-05:00,41.34345626831055,41.40813099593817,41.32708224750067,41.34345626831055,65600
2022-01-30 19:00:00-05:00,41.408938405333565,41.408938405333565,41.32706832885742,41.32706832885742,205100
2022-01-31 19:00:00-05:00,41.34593046505982,41.411482391414935,41.30905985075098,41.337738037109375,127100
2022-02-01 19:00:00-05:00,41.40327915712668,41.427040632031705,41.3295348165013,41.35411834716797,170400
2022-02-02 19:00:00-05:00,41.39508844040343,41.39508844040343,41.30659397772304,41.34346771240234,155400
2022-02-03 19:00:00-05:00,41.42786694821087,41.42786694821087,41.32134663953366,41.35903930664063,633200
2022-02-06 19:00:00-05:00,41.41146714157016,41.41146714157016,41.31313928824688,41.32133483886719,602600
2022-02-07 19:00:00-05:00,41.37870642823738,41.37870642823738,41.3213500555206,41.337738037109375,115600
2022-02-08 19:00:00-05:00,41.37050632571664,41.37706089199865,41.32625909620396,41.35411834716797,355900
2022-02-09 19:00:00-05:00,41.3786911904624,41.3786911904624,41.31313928824688,41.32133483886719,234600
2022-02-10 19:00:00-05:00,41.3213500555206,41.37051400028693,41.30905985075098,41.337738037109375,292500
2022-02-13 19:00:00-05:00,41.36230479768357,41.804770777509546,41.31314086914063,41.31314086914063,5183400
2022-02-14 19:00:00-05:00,41.313143139808666,41.33772666827474,41.29675828841399,41.30495071411133,1851000
2022-02-15 19:00:00-05:00,41.31315156253777,41.31397361839343,41.29676670780263,41.30086135864258,1438100
2022-02-16 19:00:00-05:00,41.34592136734319,41.34592136734319,41.28856500724704,41.29676055908203,159400
2022-02-17 19:00:00-05:00,41.32134482026363,41.32134482026363,41.21482451627623,41.28037643432617,63000
2022-02-21 19:00:00-05:00,41.3213464050226,41.3213464050226,41.23940963000523,41.27218246459961,247100
2022-02-22 19:00:00-05:00,41.31314317745965,41.31805988315735,41.27217479756156,41.2885627746582,211400
2022-02-23 19:00:00-05:00,41.37050875880109,41.37050875880109,41.2476004753012,41.28037643432617,145500
2022-02-24 19:00:00-05:00,41.27217178241085,41.28855975831026,41.23939895629883,41.23939895629883,115400
2022-02-27 19:00:00-05:00,41.23939672222412,41.29593101633726,41.215632126760966,41.231201171875,120100
2022-02-28 19:00:00-05:00,41.24186318261084,41.24186318261084,41.11887739382179,41.1270751953125,84000
2022-03-01 19:00:00-05:00,41.15987649233586,41.1680742945905,41.09428156334529,41.11888122558594,63700
2022-03-02 19:00:00-05:00,41.250075570752514,41.250075570752514,41.11068788478523,41.135284423828125,95700
2022-03-03 19:00:00-05:00,41.18448320185255,41.57804348981366,41.17628539757256,41.20907974243164,126700
2022-03-06 19:00:00-05:00,42.14376802218048,42.14376802218048,41.17626495503772,41.20742034912109,128200
2022-03-07 19:00:00-05:00,41.12707964310827,41.20907017783471,41.118881840730985,41.15167617797852,114300
2022-03-08 19:00:00-05:00,40.98769510852564,41.1885741080223,40.98769510852564,41.15167617797852,66100
2022-03-09 19:00:00-05:00,41.159882240803874,41.18447877874136,41.15168130966551,41.1762809753418,67800
2022-03-10 19:00:00-05:00,41.11888560723135,41.11888560723135,41.01229540013256,41.03689193725586,888500
2022-03-13 20:00:00-04:00,41.036891955963966,41.15988089711393,41.0204932219614,41.02869415283203,76400
2022-03-14 20:00:00-04:00,41.06147503647022,41.12706681824988,40.995880126953125,40.995880126953125,153300
2022-03-15 20:00:00-04:00,40.91390356567343,40.97949536981386,40.91390356567343,40.95489883422852,280500
2022-03-16 20:00:00-04:00,41.07788911678265,41.07788911678265,40.94670236646585,40.9713020324707,153300
2022-03-17 20:00:00-04:00,40.98768612491322,41.12625116166152,40.94094834006988,41.00408172607422,144200
2022-03-20 20:00:00-04:00,41.06148136870689,41.06148136870689,40.94669025934963,40.96308898925781,42900
2022-03-21 20:00:00-04:00,40.95489150650109,40.99588676772122,40.95489150650109,40.97538757324219,292600
2022-03-22 20:00:00-04:00,40.97950744628906,41.15578996799023,40.97950744628906,40.97950744628906,230900
2022-03-23 20:00:00-04:00,41.03689831260195,41.03689831260195,40.979504298571925,40.98770523071289,54400
2022-03-24 20:00:00-04:00,41.07788720837426,41.07788720837426,41.00983386977701,41.03689193725586,118500
2022-03-27 20:00:00-04:00,41.08608813924116,41.10658421093101,41.02049320326076,41.03689193725586,94400
2022-03-28 20:00:00-04:00,41.028690970876575,41.09346330658547,41.02049004064195,41.05328750610352,176900
2022-03-29 20:00:00-04:00,41.03688877337273,41.07788404133046,41.028690970876575,41.05328750610352,456300
2022-03-30 20:00:00-04:00,41.24187247014297,41.24187247014297,41.086089184833085,41.16398239135742,219700
2022-03-31 20:00:00-04:00,41.072882422663206,41.179566112311775,41.072882422663206,41.097503662109375,99000
2022-04-03 20:00:00-04:00,41.23701435646954,41.245219350073626,41.1221256631197,41.14674377441406,397900
2022-04-04 20:00:00-04:00,41.18777021006483,41.2115712627592,41.11391275429499,41.13442993164063,162500
2022-04-05 20:00:00-04:00,41.17957403030924,41.20337195761489,41.15495591661132,41.1918830871582,211500
2022-04-06 20:00:00-04:00,41.29446355959608,41.335494793406205,41.237019206165385,41.29035949707031,1470300
2022-04-07 20:00:00-04:00,41.35190804572015,41.35190804572015,41.26163745275869,41.286258697509766,998100
2022-04-10 20:00:00-04:00,41.31907209005639,41.31907209005639,41.25342275728366,41.26573181152344,295400
2022-04-11 20:00:00-04:00,41.23701061433842,41.35189929726247,41.23701061433842,41.27804183959961,137100
2022-04-12 20:00:00-04:00,41.23701171912097,41.25752889754215,40.95799499719521,41.20418548583984,214500
2022-04-13 20:00:00-04:00,41.18778642993053,41.28626516339269,41.18778642993053,41.22882080078125,609800
2022-04-17 20:00:00-04:00,41.32728229540312,41.32728229540312,41.19598049276052,41.20418548583984,165000
2022-04-18 20:00:00-04:00,41.32728722876939,41.32728722876939,41.154954179194405,41.212398529052734,371700
2022-04-19 20:00:00-04:00,41.29444994748451,41.29444994748451,41.187766270358885,41.2205924987793,133800
2022-04-20 20:00:00-04:00,41.35190283575338,41.35190283575338,41.1549516854538,41.18367385864258,107600
2022-04-21 20:00:00-04:00,41.171355019653774,41.20418124955998,41.154945035182266,41.19597625732422,141700
2022-04-24 20:00:00-04:00,41.23700747946618,41.314968992873006,41.16315002741802,41.19597625732422,254300
2022-04-25 20:00:00-04:00,41.19598049276052,41.23701171912097,41.16315425947939,41.20418548583984,161900
2022-04-26 20:00:00-04:00,41.30266070178964,41.30266070178964,41.13853267971017,41.16315078735352,196700
2022-04-27 20:00:00-04:00,41.18776889499686,41.18776889499686,41.15494579496628,41.16315078735352,282700
2022-04-28 20:00:00-04:00,41.04006503289399,41.286258697509766,41.04006503289399,41.286258697509766,97500
2022-05-01 20:00:00-04:00,41.04962019681516,41.14822042219623,41.04962019681516,41.090702056884766,159100
2022-05-02 20:00:00-04:00,41.2385926236666,41.2385926236666,40.93458314686482,41.00031661987305,197400
2022-05-03 20:00:00-04:00,40.9510265729718,41.02908430775446,40.901726456107184,40.9345932006836,306800
2022-05-04 20:00:00-04:00,41.057833925528726,41.057833925528726,40.909936738098,40.91815185546875,732100
2022-05-05 20:00:00-04:00,40.983880133299685,40.983880133299685,40.877064814960775,40.959228515625,113700
2022-05-08 20:00:00-04:00,41.00032321846963,41.090702056884766,40.92637461660634,41.090702056884766,173300
2022-05-09 20:00:00-04:00,41.17287239734467,41.17287239734467,40.91815982839539,40.9345932006836,85400
2022-05-10 20:00:00-04:00,41.04139881030995,41.04139881030995,40.90171674619283,40.909934997558594,138800
2022-05-11 20:00:00-04:00,40.89350336901185,41.02578838565903,40.89350336901185,40.91815185546875,405200
2022-05-12 20:00:00-04:00,40.86885694145119,40.86885694145119,40.647011149128936,40.66344451904297,249600
2022-05-15 20:00:00-04:00,40.4991104809058,40.5237589664905,40.43830733087303,40.46624374389648,261400
2022-05-16 20:00:00-04:00,40.458031059313925,40.50732803344727,40.458031059313925,40.50732803344727,89200
2022-05-17 20:00:00-04:00,40.50732559798585,40.50732559798585,40.43337700688718,40.46624374389648,142700
2022-05-18 20:00:00-04:00,40.712726176047134,40.712726176047134,40.45061982307517,40.55661392211914,185800
2022-05-19 20:00:00-04:00,40.58949244050912,40.58949244050912,40.43748613259948,40.46624374389648,101600
2022-05-22 20:00:00-04:00,40.46625206116703,40.5073339237002,40.46625206116703,40.49911880493164,77100
2022-05-23 20:00:00-04:00,40.5566343908803,40.581282881744805,40.46625241191682,40.54841613769531,177300
2022-05-24 20:00:00-04:00,40.589494880910735,40.589494880910735,40.47446129446188,40.50732803344727,88700
2022-05-25 20:00:00-04:00,40.57305075126508,40.57305075126508,40.49745664477763,40.540184020996094,124400
2022-05-26 20:00:00-04:00,40.60592824360381,40.64126171462416,40.52376452415668,40.58127975463867,184800
2022-05-30 20:00:00-04:00,40.56483910287301,40.68808779426672,40.53197550159986,40.55415725708008,72100
2022-05-31 20:00:00-04:00,40.51382604605376,40.63891479124237,40.51382604605376,40.60435104370117,111300
2022-06-01 20:00:00-04:00,40.59612951331912,40.62081701148197,40.579670134775405,40.58789825439453,95600
2022-06-02 20:00:00-04:00,40.612586098139765,40.726976111582346,40.60435797845062,40.65373611450195,243500
2022-06-05 20:00:00-04:00,40.645516657056646,40.736041696448886,40.645516657056646,40.670204162597656,94700
2022-06-06 20:00:00-04:00,40.71957449260425,40.727805752408,40.64550885089946,40.66196823120117,269100
2022-06-07 20:00:00-04:00,40.72781026718964,40.768957152852245,40.70311962434715,40.744266510009766,105800
2022-06-08 20:00:00-04:00,40.67843176006494,40.84302244056189,40.670200499421725,40.72780990600586,111000
2022-06-09 20:00:00-04:00,40.73603161792387,40.78540975609562,40.7031128591427,40.75249099731445,193400
2022-06-12 20:00:00-04:00,40.49737271395608,40.6586702265535,40.45622583778608,40.51383209228516,261200
2022-06-13 20:00:00-04:00,40.3327896718681,40.661148523707126,40.3327896718681,40.38216781616211,164300
2022-06-14 20:00:00-04:00,40.42331797421112,40.8101056209107,40.32127168465511,40.57144927978516,145500
2022-06-15 20:00:00-04:00,40.55499320709738,40.61259948182172,40.43237503355745,40.49738693237305,104200
2022-06-16 20:00:00-04:00,40.57966680057107,40.6282192948761,40.209338662028834,40.39861679077149,219800
2022-06-20 20:00:00-04:00,40.48915118537085,40.48915118537085,40.22991985862123,40.36570739746094,124300
2022-06-21 20:00:00-04:00,40.32455116306304,40.40684490971455,40.32455116306304,40.39861679077149,222700
2022-06-22 20:00:00-04:00,40.48913674202507,40.48913674202507,40.34100550509716,40.37392425537109,149000
2022-06-23 20:00:00-04:00,40.50559680423776,40.50559680423776,40.29162806313252,40.32454681396485,133300
2022-06-26 20:00:00-04:00,40.32455124092263,40.35746999536888,40.30809186369951,40.33689498901367,67800
2022-06-27 20:00:00-04:00,40.36570487297679,40.40685175327144,40.29246173082721,40.3681755065918,103200
2022-06-28 20:00:00-04:00,40.54675971359647,40.54675971359647,40.349250269771815,40.406856536865234,134600
2022-06-29 20:00:00-04:00,40.35746912802886,40.443878502114295,40.3080909974207,40.35829162597656,93700
2022-06-30 20:00:00-04:00,40.397857666015625,40.455568639651815,40.38136836711783,40.397857666015625,51100
2022-07-04 20:00:00-04:00,40.37313079833984,40.55450682093661,40.34015219604493,40.37313079833984,104900
2022-07-05 20:00:00-04:00,40.37313953086779,40.37313953086779,40.07633833604208,40.30718231201172,162400
2022-07-06 20:00:00-04:00,40.37315531164349,40.49270045878711,40.16704363967474,40.389644622802734,139200
2022-07-07 20:00:00-04:00,40.37313454749917,40.57429900815861,40.29893425795149,40.41435623168945,76300
2022-07-10 20:00:00-04:00,40.43908909535576,40.43908909535576,40.35664572599222,40.42259979248047,95900
2022-07-11 20:00:00-04:00,40.35663599127723,40.45062153548126,40.25770334290264,40.397857666015625,159500
2022-07-12 20:00:00-04:00,40.36491174976332,40.43911208237377,40.35666866614648,40.38140106201172,70800
2022-07-13 20:00:00-04:00,40.15878496305759,40.38963210271384,40.15878496305759,40.34016418457031,142400
2022-07-14 20:00:00-04:00,40.216495999485645,40.37314283458048,40.216495999485645,40.33851623535156,81400
2022-07-17 20:00:00-04:00,40.167026860716746,40.38962775085775,40.167026860716746,40.372314453125,67600
2022-07-18 20:00:00-04:00,40.463815516649404,40.463815516649404,40.19998987502596,40.28243637084961,241700
2022-07-19 20:00:00-04:00,40.39789037426012,40.430868998756935,40.27587323763961,40.38140106201172,102800
2022-07-20 20:00:00-04:00,40.36489820169975,40.702921126801286,40.331919588271866,40.35665512084961,258900
2022-07-21 20:00:00-04:00,40.46382400875639,40.49679946899414,40.388796581056646,40.49679946899414,127000
2022-07-24 20:00:00-04:00,40.3896135111845,40.48029993518392,40.3896135111845,40.46381378173828,424800
2022-07-25 20:00:00-04:00,40.36488771249181,40.56275619662735,40.36488771249181,40.488555908203125,76500
2022-07-26 20:00:00-04:00,40.52154044489879,40.57925143934213,40.40611531099879,40.5132942199707,100500
2022-07-27 20:00:00-04:00,40.54627553850165,40.65345445463405,40.50340271404328,40.57925415039063,167400
2022-07-28 20:00:00-04:00,40.51328592050061,40.64519718720708,40.51328592050061,40.62870788574219,69000
2022-07-31 20:00:00-04:00,40.64111132820605,40.80552756548274,40.57749368200385,40.632850646972656,118500
2022-08-01 20:00:00-04:00,40.591540528339074,40.62045763995779,40.39324951171875,40.39324951171875,280200
2022-08-02 20:00:00-04:00,40.48413050915593,40.66589700162775,40.38498658222976,40.52544021606445,274600
2022-08-03 20:00:00-04:00,40.64111738762775,40.64111738762775,40.34203088507116,40.40151977539063,626800
2022-08-04 20:00:00-04:00,40.71546437948555,40.71546437948555,40.48825943241969,40.64110565185547,330900
2022-08-07 20:00:00-04:00,40.616323074927024,40.64937210083008,40.58327404902396,40.64937210083008,378000
2022-08-08 20:00:00-04:00,40.756779859150726,40.756779859150726,40.55848885546096,40.64937210083008,53200
2022-08-09 20:00:00-04:00,40.789825032681634,40.789825032681634,40.58327335192831,40.73199081420898,728000
2022-08-10 20:00:00-04:00,40.59154063425896,40.798092332568416,40.59154063425896,40.7733039855957,291200
2022-08-11 20:00:00-04:00,40.822872161865234,40.86748802882281,40.789823138064925,40.822872161865234,112700
2022-08-14 20:00:00-04:00,40.78156245797904,40.822872161865234,40.78156245797904,40.822872161865234,66900
2022-08-15 20:00:00-04:00,40.8311351096203,40.89723316089185,40.806349916257744,40.8724479675293,447500
2022-08-16 20:00:00-04:00,40.86418186575143,40.88070637765158,40.74851343417873,40.822872161865234,327900
2022-08-17 20:00:00-04:00,40.85592465246511,40.86418533325195,40.839400139162784,40.86418533325195,58600
2022-08-18 20:00:00-04:00,40.85592345471141,40.89723316089185,40.8311351096203,40.8724479675293,84500
2022-08-21 20:00:00-04:00,40.897247314453125,40.93029635152639,40.85593759397638,40.897247314453125,173900
2022-08-22 20:00:00-04:00,40.85591624468511,40.97158466226924,40.85591624468511,40.930274963378906,99300
2022-08-23 20:00:00-04:00,40.95506015236751,40.95506015236751,40.8807014336737,40.930274963378906,254600
2022-08-24 20:00:00-04:00,40.87244075458683,40.94597056881676,40.87244075458683,40.930274963378906,76600
2022-08-25 20:00:00-04:00,40.872458660207286,40.93442165982387,40.855934143066406,40.855934143066406,97300
2022-08-28 20:00:00-04:00,40.91376193755452,40.91376193755452,40.80635416890898,40.84766387939453,89900
2022-08-29 20:00:00-04:00,40.806353768528254,40.82287828290612,40.698946000936566,40.78982925415039,204700
2022-08-30 20:00:00-04:00,40.70721474927147,40.81462252983235,40.70721474927147,40.76504898071289,105300
2022-08-31 20:00:00-04:00,40.70951991889626,40.833837716909656,40.70951991889626,40.80068588256836,93000
2022-09-01 20:00:00-04:00,40.80896663634525,40.86698075318646,40.51889289060696,40.84626007080078,349500
2022-09-05 20:00:00-04:00,40.79240510604228,40.88771269094423,40.79240510604228,40.85456085205078,60300
2022-09-06 20:00:00-04:00,40.69293873862249,40.94986067923861,40.69293873862249,40.88356018066406,342400
2022-09-07 20:00:00-04:00,40.84211006695468,40.876090211253626,40.69707479344199,40.72608184814453,623600
2022-09-08 20:00:00-04:00,40.90843338063598,40.90843338063598,40.74267734770211,40.85456085205078,159000
2022-09-11 20:00:00-04:00,40.79239632936006,40.93328687204387,40.79239632936006,40.9001350402832,1579200
2022-09-12 20:00:00-04:00,40.875274552522406,40.97472689066412,40.84212271929756,40.90428161621094,470000
2022-09-13 20:00:00-04:00,40.89184379644288,40.89184379644288,40.81725376462491,40.866981506347656,125900
2022-09-14 20:00:00-04:00,40.933278379712334,40.933278379712334,40.85040197903752,40.85868835449219,117200
2022-09-15 20:00:00-04:00,40.866984466717966,40.88356038182629,40.85040855160963,40.87527084350586,119500
2022-09-18 20:00:00-04:00,40.900132079699006,40.94157344716643,40.883559326550994,40.891845703125,171400
2022-09-19 20:00:00-04:00,40.808970143809866,40.88356018066406,40.808970143809866,40.88356018066406,188400
2022-09-20 20:00:00-04:00,40.8586934280369,40.8586934280369,40.77581701707108,40.78410339355469,318500
2022-09-21 20:00:00-04:00,40.90013419819517,40.90013419819517,40.8089714050293,40.8089714050293,325100
2022-09-22 20:00:00-04:00,40.842110532782144,40.85040006938133,40.81724824604836,40.83382415771485,118000
2022-09-25 20:00:00-04:00,40.83382310609439,40.85868539218788,40.8006712836152,40.850399017333984,192200
2022-09-26 20:00:00-04:00,40.775815110501945,40.78410148659811,40.73106045959874,40.759239196777344,170100
2022-09-27 20:00:00-04:00,40.80067186902703,40.80067186902703,40.7095059366671,40.72608184814453,171800
2022-09-28 20:00:00-04:00,40.7841075230134,40.7841075230134,40.552051019587054,40.69708633422852,424200
2022-09-29 20:00:00-04:00,40.63492182576082,40.71697307373746,40.63492182576082,40.69293594360352,142700
2022-10-02 20:00:00-04:00,40.4601662313029,40.57655318700154,40.3978200404897,40.4934196472168,518800
2022-10-03 20:00:00-04:00,40.40196556918035,40.6596747297428,40.40196556918035,40.60979461669922,644200
2022-10-04 20:00:00-04:00,40.61812029934641,40.64305877685547,40.57655511309116,40.64305877685547,619800
2022-10-05 20:00:00-04:00,40.72619423959619,40.79269790649414,40.66799917063218,40.79269790649414,456800
2022-10-06 20:00:00-04:00,40.73449862917587,40.7594371033421,40.717871922658375,40.75112533569336,129300
2022-10-09 20:00:00-04:00,40.74282447068695,40.74282447068695,40.51837178321775,40.5682487487793,232400
2022-10-10 20:00:00-04:00,40.593176934197565,40.593176934197565,40.51004340047636,40.54329681396485,166600
2022-10-11 20:00:00-04:00,40.49341357773832,40.51835522154544,40.44353663256371,40.510040283203125,342300
2022-10-12 20:00:00-04:00,40.4518389930608,40.66797977140252,40.44352722787112,40.534969329833984,356200
2022-10-13 20:00:00-04:00,40.51005664033154,40.6497172171642,40.48511815767459,40.51837158203125,171200
2022-10-16 20:00:00-04:00,40.59318353950678,40.59318353950678,40.51004999225811,40.54995346069336,163300
2022-10-17 20:00:00-04:00,40.51004340047636,40.55909266105488,40.48094745647896,40.54329681396485,498000
2022-10-18 20:00:00-04:00,40.50173699833896,40.58486737185312,40.50173699833896,40.55992889404297,463600
2022-10-19 20:00:00-04:00,40.52667322066182,40.634745237191936,40.52667322066182,40.57655334472656,85100
2022-10-20 20:00:00-04:00,40.56823411400588,40.6596794128418,40.559922346484406,40.6596794128418,213200
2022-10-23 20:00:00-04:00,40.568243968274885,40.651377519782976,40.568243968274885,40.58985900878906,272700
2022-10-24 20:00:00-04:00,40.5682487487793,40.67881337265414,40.47680341695497,40.5682487487793,494800
2022-10-25 20:00:00-04:00,40.59318005274814,40.73450231410112,40.499238993865205,40.57655334472656,442000
2022-10-26 20:00:00-04:00,40.74281408250175,40.74281408250175,40.52667322066182,40.57655334472656,333800
2022-10-27 20:00:00-04:00,40.48510803621802,40.68462219003638,40.48510803621802,40.57655334472656,134100
2022-10-30 20:00:00-04:00,40.51004471629839,40.69709279483163,40.51004471629839,40.60149002075195,231000
2022-10-31 20:00:00-04:00,40.878464765318185,40.88430452053952,40.58647700425136,40.62818908691406,556300
2022-11-01 20:00:00-04:00,40.62819830127043,40.63653944672355,40.56980073581267,40.61985397338867,193600
2022-11-02 20:00:00-04:00,40.5614416354437,40.715779820759856,40.46967315673828,40.46967315673828,656600
2022-11-03 20:00:00-04:00,40.6949233827857,40.70326770787281,40.6281846942267,40.67823791503906,169400
2022-11-06 19:00:00-05:00,40.67824014711128,40.736640878642845,40.66989900399405,40.68658447265625,204900
2022-11-07 19:00:00-05:00,40.74497978602563,40.74497978602563,40.66989677237952,40.67823791503906,149400
2022-11-08 19:00:00-05:00,40.65321739364414,40.811724587337,40.65321739364414,40.73664474487305,252000
2022-11-09 19:00:00-05:00,40.71995486427014,40.83674996091255,40.71995486427014,40.7700080871582,114300
2022-11-10 19:00:00-05:00,40.870124785266185,41.00360536304356,40.74665294356181,40.83675384521485,693200
2022-11-13 19:00:00-05:00,40.95354669795276,40.95354669795276,40.78669518931134,40.81172180175781,359200
2022-11-14 19:00:00-05:00,40.836744041885936,40.93268149346766,40.81171425164212,40.878456115722656,225600
2022-11-15 19:00:00-05:00,40.911821127041655,41.003589585658126,40.845079272619934,40.97021865844727,1203300
2022-11-16 19:00:00-05:00,40.970233885169925,41.0036048247832,40.870124248758046,40.93686294555664,255100
2022-11-17 19:00:00-05:00,41.0036065338122,41.103716174396645,40.89515256676266,41.06200408935547,174200
2022-11-20 19:00:00-05:00,41.095359822466406,41.11204528808594,40.99525021117638,41.11204528808594,314900
2022-11-21 19:00:00-05:00,41.04532021676201,41.10371777457871,41.01945662262706,41.07034683227539,247800
2022-11-22 19:00:00-05:00,41.10370626305768,41.10787842528418,41.02027893066406,41.02027893066406,147000
2022-11-24 19:00:00-05:00,41.08702847092884,41.17879696248893,41.02863091855932,41.05365753173828,90300
2022-11-27 19:00:00-05:00,40.97858053002657,41.12624520730319,40.97858053002657,41.04532241821289,176400
2022-11-28 19:00:00-05:00,41.003599989686734,41.20381923890088,41.003599989686734,41.170448303222656,259400
2022-11-29 19:00:00-05:00,41.22883664839184,41.22883664839184,41.12872704612626,41.19546890258789,136800
2022-11-30 19:00:00-05:00,41.31699050554504,41.31699050554504,41.13265085651143,41.18292617797852,202900
2022-12-01 19:00:00-05:00,41.23319113745771,41.23319113745771,41.13264370834271,41.166160583496094,206900
2022-12-04 19:00:00-05:00,41.21641205467071,41.21641205467071,41.12089252430875,41.19965362548828,203900
2022-12-05 19:00:00-05:00,41.21643986261088,41.23655126973599,41.09913397553338,41.18292617797852,174600
2022-12-06 19:00:00-05:00,41.15776778190277,41.27004896133719,41.15358057098671,41.17452621459961,158900
2022-12-07 19:00:00-05:00,41.132641676662814,41.25832835410733,41.132641676662814,41.2164306640625,204500
2022-12-08 19:00:00-05:00,41.26670932006295,41.29436090275783,41.216434005740005,41.233192443847656,215100
2022-12-11 19:00:00-05:00,41.24993181668748,41.35886001586914,41.18290129158291,41.35886001586914,318300
2022-12-12 19:00:00-05:00,41.22481061133973,41.31698041334288,41.22062020315461,41.25832748413086,430600
2022-12-13 19:00:00-05:00,41.29183484742119,41.333732530176775,41.29183484742119,41.32535171508789,215900
2022-12-14 19:00:00-05:00,41.32535124653245,41.53482687255759,41.23318145966629,41.34210968017578,239600
2022-12-15 19:00:00-05:00,41.37561844623123,41.47616583205996,41.34210158550706,41.35886001586914,588500
2022-12-18 19:00:00-05:00,41.677280568401976,41.677280568401976,41.35887665610401,41.43428802490234,367300
2022-12-19 19:00:00-05:00,41.39238396848118,41.43427845339242,41.35048628722562,41.36724472045898,500200
2022-12-20 19:00:00-05:00,41.35049583937917,41.43428802490234,41.35049583937917,41.43428802490234,421600
2022-12-21 19:00:00-05:00,41.39239385783187,41.6605224609375,41.37563542059464,41.6605224609375,336400
2022-12-22 19:00:00-05:00,41.5182723951421,41.63610196292692,41.42569110313548,41.459354400634766,240000
2022-12-26 19:00:00-05:00,41.41728771964165,41.55026822693824,41.41728771964165,41.44253921508789,221200
2022-12-27 19:00:00-05:00,41.57719080429288,41.57719080429288,41.42148559864937,41.45094299316406,280300
2022-12-28 19:00:00-05:00,41.4172828791915,41.56877899169922,41.4172828791915,41.56877899169922,398700
2022-12-29 19:00:00-05:00,41.812846314604144,41.812846314604144,41.417272870799465,41.459354400634766,318900
2023-01-02 19:00:00-05:00,41.43411755049938,41.69502824440942,41.43411755049938,41.51828384399414,336100
2023-01-03 19:00:00-05:00,41.76235806858942,41.76235806858942,41.46778406789728,41.51828384399414,180400
2023-01-04 19:00:00-05:00,41.602442299670685,41.602442299670685,41.49302773560496,41.50986099243164,191100
2023-01-05 19:00:00-05:00,41.501441955566406,41.52669023305685,41.48460870036773,41.501441955566406,161800
2023-01-08 19:00:00-05:00,41.50986600534869,41.53511428833008,41.493032746489135,41.53511428833008,139200
2023-01-09 19:00:00-05:00,41.50145435280013,41.703447054292845,41.49303611737853,41.6613655090332,164600
2023-01-10 19:00:00-05:00,41.54352569580078,41.57719220798712,41.53510746244655,41.54352569580078,741000
2023-01-11 19:00:00-05:00,41.64452442940224,41.64452442940224,41.56036135468588,41.594024658203125,214700
2023-01-12 19:00:00-05:00,41.74551592607601,41.74551592607601,41.60243807350686,41.63610458374024,219800
2023-01-16 19:00:00-05:00,41.686606359031416,41.72027287348096,41.66977310180664,41.66977310180664,215500
2023-01-17 19:00:00-05:00,41.68661417149826,41.78761373377517,41.68661417149826,41.73711395263672,198100
2023-01-18 19:00:00-05:00,41.745518534186274,41.76235179035464,41.72027025524139,41.753936767578125,1069000
2023-01-19 19:00:00-05:00,41.728695694720685,41.82127380371094,41.728695694720685,41.82127380371094,168000
2023-01-22 19:00:00-05:00,41.92226933502699,41.92226933502699,41.8128547668457,41.8128547668457,335000
2023-01-23 19:00:00-05:00,41.80444054463565,41.83810706278623,41.74552574318009,41.82127380371094,343200
2023-01-24 19:00:00-05:00,41.92226771962769,41.93910097643891,41.82968641247371,41.85493469238281,285400
2023-01-25 19:00:00-05:00,42.09902461408404,42.09902461408404,41.82969884627882,41.87178039550781,217200
2023-01-26 19:00:00-05:00,41.82127418609102,41.90964638908237,41.82127418609102,41.89702224731445,188500
2023-01-29 19:00:00-05:00,41.93910718510315,41.96435546875,41.92227392579993,41.96435546875,371400
2023-01-30 19:00:00-05:00,41.98959049572552,41.998008728027344,41.96181546611337,41.998008728027344,260900
2023-01-31 19:00:00-05:00,41.96504071324301,42.01576513113116,41.9565882560439,41.98194885253906,390600
2023-02-01 19:00:00-05:00,41.6522556185834,42.02422507466691,41.6522556185834,42.02000045776367,611200
2023-02-02 19:00:00-05:00,42.07494824588147,42.07494824588147,41.98195507841134,41.99886322021485,851800
2023-02-05 19:00:00-05:00,42.01577519253424,42.125676511827415,42.01577519253424,42.083404541015625,552700
2023-02-06 19:00:00-05:00,42.10030606219543,42.12566988567262,42.08339792151,42.11721420288086,398400
2023-02-07 19:00:00-05:00,42.10031137473822,42.125675201416016,42.10031137473822,42.125675201416016,428500
2023-02-08 19:00:00-05:00,42.12566939471241,42.16793813348432,42.1172137120192,42.142574310302734,436600
2023-02-09 19:00:00-05:00,42.167933403648526,42.167933403648526,42.10875653102592,42.13411712646485,590600
2023-02-12 19:00:00-05:00,42.21021611918057,42.26094055175781,42.12567862311727,42.26094055175781,484800
2023-02-13 19:00:00-05:00,42.21020687225622,42.21020687225622,42.134121852507576,42.142574310302734,997100
2023-02-14 19:00:00-05:00,42.14256919746443,42.205128987191706,42.14256919746443,42.18484115600586,387000
2023-02-15 19:00:00-05:00,42.19331219103216,42.243191705118655,42.18485973054074,42.21022033691406,221200
2023-02-16 19:00:00-05:00,42.24402749169293,42.24402749169293,42.17639492279358,42.20175552368164,372600
2023-02-20 19:00:00-05:00,42.32011251925551,42.32011251925551,42.20175552368164,42.20175552368164,363100
2023-02-21 19:00:00-05:00,42.26938385069208,42.26938385069208,42.15948254970882,42.16793823242188,480700
2023-02-22 19:00:00-05:00,42.21020175121258,42.21020175121258,42.16793301756882,42.18484115600586,320600
2023-02-23 19:00:00-05:00,42.396204291584766,42.396204291584766,42.10031659292522,42.10877227783203,286500
2023-02-26 19:00:00-05:00,42.16793963523116,42.16793963523116,42.10876275386339,42.15103149414063,420400
2023-02-27 19:00:00-05:00,42.12567040378048,42.18484728445826,42.12567040378048,42.1763916015625,470900
2023-02-28 19:00:00-05:00,42.28252454282921,42.36743115520029,42.14667720189156,42.1594123840332,1050500
2023-03-01 19:00:00-05:00,42.17215136642524,42.18913269042969,42.155173281277165,42.18913269042969,250700
2023-03-02 19:00:00-05:00,42.18913403185762,42.240078005490766,42.17215270731324,42.18064498901367,340100
2023-03-05 19:00:00-05:00,42.26554699782004,42.26554699782004,42.172151335292696,42.248565673828125,243900
2023-03-06 19:00:00-05:00,42.24856017209038,42.24856017209038,42.17214584350586,42.17214584350586,494400
2023-03-07 19:00:00-05:00,42.2230869386599,42.2230869386599,42.19591941674253,42.19761657714844,328000
2023-03-08 19:00:00-05:00,42.24007113062808,42.24007113062808,42.16365680204356,42.17214584350586,530000
2023-03-09 19:00:00-05:00,42.19761449131859,42.19761449131859,42.12120017170563,42.1551628112793,353400
2023-03-12 20:00:00-04:00,42.248567081513386,42.36743635341742,42.03630538282664,42.121212005615234,711900
2023-03-13 20:00:00-04:00,42.04478457514372,42.04478457514372,41.90469112029883,41.92591857910156,289000
2023-03-14 20:00:00-04:00,41.87497919429956,42.0116751046761,41.82403523092289,41.91743087768555,352900
2023-03-15 20:00:00-04:00,41.87498261026805,41.97686730647685,41.77309791405925,41.95139694213867,376800
2023-03-16 20:00:00-04:00,41.85799750209294,41.9344118270526,41.8155458190833,41.89196014404297,476200
2023-03-19 20:00:00-04:00,41.82403523092289,41.97686388219708,41.82403523092289,41.91743087768555,358400
2023-03-20 20:00:00-04:00,42.00234344561976,42.00234344561976,41.79941938239137,41.84102249145508,161400
2023-03-21 20:00:00-04:00,41.90045089600736,41.96837618268098,41.86563967241552,41.90894317626953,279700
2023-03-22 20:00:00-04:00,42.223090830234376,42.223090830234376,41.90894446683472,42.01932144165039,568200
2023-03-23 20:00:00-04:00,41.993848628987664,41.993848628987664,41.90894525528968,41.95139694213867,245200
2023-03-26 20:00:00-04:00,42.00234989218719,42.00234989218719,41.94291687011719,41.94291687011719,179400
2023-03-27 20:00:00-04:00,42.05327913506786,42.07026045656784,41.951394444923885,42.00233840942383,427600
2023-03-28 20:00:00-04:00,42.044797697645706,42.09574167135898,41.99385372393243,42.0617790222168,264200
2023-03-29 20:00:00-04:00,42.02780664842601,42.11271001277952,42.02780664842601,42.07875061035156,254200
2023-03-30 20:00:00-04:00,42.0278192451368,42.1381962429635,42.010837919405255,42.03630828857422,228700
2023-04-02 20:00:00-04:00,42.09942713903707,42.1676749883099,42.05677386035983,42.10795974731445,317200
2023-04-03 20:00:00-04:00,42.12502787893303,42.14208984375,42.07384198448212,42.14208984375,279400
2023-04-04 20:00:00-04:00,42.1676703331655,42.184732293600135,42.09942249142696,42.15913772583008,377500
2023-04-05 20:00:00-04:00,42.18472667053511,42.18472667053511,42.10794948593146,42.1250114440918,198200
2023-04-09 20:00:00-04:00,42.16768000952705,42.18474197387695,42.14208869012067,42.18474197387695,246000
2023-04-10 20:00:00-04:00,42.15914213134096,42.22738998021121,42.15914213134096,42.2188606262207,328200
2023-04-11 20:00:00-04:00,42.27003711326877,42.27003711326877,42.2017925285567,42.24444580078125,251200
2023-04-12 20:00:00-04:00,42.27858235057632,42.27858235057632,42.21886710077538,42.26152038574219,172700
2023-04-13 20:00:00-04:00,42.22739177596536,42.25298309326172,42.22739177596536,42.25298309326172,130800
2023-04-16 20:00:00-04:00,42.27858235057632,42.30417367070899,42.2529877762066,42.26152038574219,191700
2023-04-17 20:00:00-04:00,42.2871082236725,42.32976150512695,42.24445494221805,42.32976150512695,676000
2023-04-18 20:00:00-04:00,42.27857121202395,42.304162525414434,42.27003860473633,42.27003860473633,347700
2023-04-19 20:00:00-04:00,42.35534695103568,42.35534695103568,42.304161071777344,42.304161071777344,420900
2023-04-20 20:00:00-04:00,42.321226572024486,42.355350494384766,42.29563525737245,42.355350494384766,367300
2023-04-23 20:00:00-04:00,42.35535313045492,42.3613246545278,42.30843354784848,42.33829116821289,332200
2023-04-24 20:00:00-04:00,42.31269923327025,42.37241447771856,42.31269923327025,42.321231842041016,307300
2023-04-25 20:00:00-04:00,42.36387870307356,42.40653197775313,42.33828738911306,42.39800262451172,758600
2023-04-26 20:00:00-04:00,42.36388898398037,42.466257518901486,42.36388898398037,42.44066619873047,227600
2023-04-27 20:00:00-04:00,42.415071374455664,42.47478661941272,42.39800941100554,42.44919204711914,506100
2023-04-30 20:00:00-04:00,42.467204618367056,42.5872406141913,42.467204618367056,42.47578048706055,444800
2023-05-01 20:00:00-04:00,42.484347240079885,42.49292310759352,42.37288385754853,42.40718078613281,1010900
2023-05-02 20:00:00-04:00,42.54435719860305,42.54435719860305,42.45433023111512,42.4586181640625,574900
2023-05-03 20:00:00-04:00,42.51007224296667,42.53579330444336,42.4586268492781,42.53579330444336,366900
2023-05-04 20:00:00-04:00,42.45861537262529,42.49291229248047,42.45861537262529,42.49291229248047,198500
2023-05-07 20:00:00-04:00,42.43290477544831,42.501495361328125,42.43290477544831,42.501495361328125,233800
2023-05-08 20:00:00-04:00,42.492916533911554,42.50148912936388,42.45004374444608,42.48434066772461,243200
2023-05-09 20:00:00-04:00,42.51006639439188,42.51006639439188,42.40717562117056,42.467193603515625,208700
2023-05-10 20:00:00-04:00,42.492928953711946,42.492928953711946,42.43291095579983,42.47578048706055,289100
2023-05-11 20:00:00-04:00,42.51863899012629,42.51863899012629,42.44147254557767,42.467193603515625,279300
2023-05-14 20:00:00-04:00,42.46719220608534,42.5134927254379,42.46719220608534,42.48434066772461,285400
2023-05-15 20:00:00-04:00,42.45861961063303,42.50148912936388,42.43289855354144,42.48434066772461,255500
2023-05-16 20:00:00-04:00,42.51864483988051,42.53579330444336,42.46719944619194,42.53579330444336,685900
2023-05-17 20:00:00-04:00,42.56150334114016,42.56150334114016,42.492912771391055,42.52720642089844,679600
2023-05-18 20:00:00-04:00,42.56151335049863,42.56151335049863,42.47577430046508,42.501495361328125,428200
2023-05-21 20:00:00-04:00,42.55293591453339,42.55293591453339,42.467193603515625,42.467193603515625,368600
2023-05-22 20:00:00-04:00,42.60437285607514,42.60437285607514,42.48691097388547,42.52720642089844,1162300
2023-05-23 20:00:00-04:00,42.51864483988051,42.53579330444336,42.50749817437789,42.53579330444336,796300
2023-05-24 20:00:00-04:00,42.51863962903261,42.58723020814276,42.51863962903261,42.55293655395508,244500
2023-05-25 20:00:00-04:00,42.52721506619431,42.57008786057918,42.512640671032656,42.5615119934082,543800
2023-05-29 20:00:00-04:00,42.60437727122535,42.60437727122535,42.57008361816406,42.57008361816406,361400
2023-05-30 20:00:00-04:00,42.58722686767578,42.59580273360111,42.57008167729417,42.58722686767578,1105300
2023-05-31 20:00:00-04:00,42.53380526650097,42.65185987311427,42.53380526650097,42.62859344482422,320100
2023-06-01 20:00:00-04:00,42.61136453121302,42.63721466064453,42.59413001587611,42.63721466064453,294400
2023-06-04 20:00:00-04:00,42.68029959249602,42.74061875300708,42.61998043198496,42.65444946289063,233300
2023-06-05 20:00:00-04:00,42.69753057790767,42.70614947849538,42.67168045043945,42.67168045043945,222400
2023-06-06 20:00:00-04:00,42.73200371301994,42.73200371301994,42.680300165966734,42.68891906738281,323300
2023-06-07 20:00:00-04:00,42.74923706054688,42.775087189793226,42.732002545333415,42.74923706054688,1564900
2023-06-08 20:00:00-04:00,42.69753906681656,42.75785823433306,42.69753906681656,42.723392486572266,214400
2023-06-11 20:00:00-04:00,42.792318175209765,42.792318175209765,42.75354298453867,42.7664680480957,163900
2023-06-12 20:00:00-04:00,42.81816569379421,42.81816569379421,42.73199641723195,42.7406120300293,251000
2023-06-13 20:00:00-04:00,42.80955800947127,42.80955800947127,42.72338871695016,42.75785446166992,267500
2023-06-14 20:00:00-04:00,42.76647214959436,42.809556794632265,42.76647214959436,42.78370666503906,382800
2023-06-15 20:00:00-04:00,42.75784388929935,42.84401644766111,42.75784388929935,42.809547424316406,251800
2023-06-19 20:00:00-04:00,42.861249514353474,42.912949760480565,42.83539610414305,42.852630615234375,269500
2023-06-20 20:00:00-04:00,42.90435115308024,42.90435115308024,42.852647599314245,42.89142608642578,2761300
2023-06-21 20:00:00-04:00,42.947427294060645,42.947427294060645,42.8871081368603,42.90434265136719,258300
2023-06-22 20:00:00-04:00,42.85263650668332,42.947424687143794,42.85263650668332,42.87848663330078,261100
2023-06-25 20:00:00-04:00,42.95603705992384,42.95603705992384,42.89571791093503,42.9129524230957,255400
2023-06-26 20:00:00-04:00,42.89572403810586,42.93881196823571,42.89572403810586,42.92157745361328,803300
2023-06-27 20:00:00-04:00,42.90433357930735,42.94741821289063,42.90433357930735,42.94741821289063,373400
2023-06-28 20:00:00-04:00,42.9646527237533,42.98188723461598,42.93277068658811,42.94741821289063,509000
2023-06-29 20:00:00-04:00,43.30933872961951,43.30933872961951,42.93018930261798,42.95603942871094,541400
2023-07-02 20:00:00-04:00,42.99328209384264,43.022729891300834,42.94997767543305,42.95863723754883,88800
2023-07-04 20:00:00-04:00,43.01926812551604,43.01926812551604,42.9932861328125,42.9932861328125,369100
2023-07-05 20:00:00-04:00,43.019264508042106,43.04958123553445,42.97596008920577,42.984622955322266,308900
2023-07-06 20:00:00-04:00,43.053918668585126,43.053918668585126,42.97423812423754,43.00628280639648,238000
2023-07-09 20:00:00-04:00,43.03658707282088,43.071231929565954,43.01060508221977,43.04524993896485,422300
2023-07-10 20:00:00-04:00,43.0712358569635,43.0712358569635,43.04525386399325,43.06257629394531,356400
2023-07-11 20:00:00-04:00,43.0799001663528,43.0799001663528,43.045255305288656,43.05738067626953,532900
2023-07-12 20:00:00-04:00,43.05389447529461,43.11365567595269,43.04523491608824,43.07987976074219,1538100
2023-07-13 20:00:00-04:00,43.17516706323343,43.17516706323343,43.13186264038086,43.13186264038086,378900
2023-07-16 20:00:00-04:00,43.16650029031764,43.17515985187551,43.14051830172889,43.157840728759766,285400
2023-07-17 20:00:00-04:00,43.18383387492543,43.20115630643197,43.16651144341889,43.1924934387207,390000
2023-07-18 20:00:00-04:00,43.30508398792474,43.30508398792474,43.192489844459736,43.22713470458984,493000
2023-07-19 20:00:00-04:00,43.31374346080961,43.31374346080961,43.22713461458039,43.253116607666016,571000
2023-07-20 20:00:00-04:00,43.322406678578986,43.348388671875,43.28776181824048,43.348388671875,551200
2023-07-23 20:00:00-04:00,43.32241080042776,43.36398397600624,43.32241080042776,43.3570556640625,687400
2023-07-24 20:00:00-04:00,43.31373638693002,43.38302609572976,43.31373638693002,43.3397216796875,307400
2023-07-25 20:00:00-04:00,43.51294256171433,43.51294256171433,43.36570358276367,43.36570358276367,245900
2023-07-26 20:00:00-04:00,43.41768266333954,43.47830952293763,43.41768266333954,43.46098709106445,531800
2023-07-27 20:00:00-04:00,43.50427635935669,43.50427635935669,43.478294372558594,43.478294372558594,454600
2023-07-30 20:00:00-04:00,43.51295244877479,43.530271575960576,43.49563001767309,43.51728057861328,263100
2023-07-31 20:00:00-04:00,43.54949588099487,43.601735575818495,43.35795365454258,43.55820083618164,688400
2023-08-01 20:00:00-04:00,43.61913489293799,43.61913489293799,43.54077703034955,43.57560348510742,545700
2023-08-02 20:00:00-04:00,43.6278489004506,43.6278489004506,43.57560921144889,43.619140625,588400
2023-08-03 20:00:00-04:00,43.653966034575056,43.653966034575056,43.54078170507679,43.593021392822266,662200
2023-08-06 20:00:00-04:00,43.65397349071294,43.65397349071294,43.55820237410538,43.58432388305664,668000
2023-08-07 20:00:00-04:00,43.57561560632807,43.59302883855076,43.56691065083395,43.58432388305664,475400
2023-08-08 20:00:00-04:00,43.61914788740616,43.61914788740616,43.53208504580836,43.60173797607422,1491900
2023-08-09 20:00:00-04:00,43.60172498679259,43.608689613497454,43.57560348510742,43.57560348510742,495100
2023-08-10 20:00:00-04:00,43.61914044001957,43.61914044001957,43.57560902665306,43.61043548583984,575500
2023-08-13 20:00:00-04:00,43.645257424274135,43.645257424274135,43.593017740904926,43.63219833374024,2626800
2023-08-14 20:00:00-04:00,43.66267308593813,43.66267308593813,43.61913835342025,43.64525985717773,804600
2023-08-15 20:00:00-04:00,43.680078308908094,43.680078308908094,43.61042872257001,43.62784194946289,743600
2023-08-16 20:00:00-04:00,43.74974460312737,43.74974460312737,43.619147022086935,43.67138671875,679200
2023-08-17 20:00:00-04:00,43.66268176325672,43.74103964763408,43.6452685310357,43.67138671875,339100
2023-08-20 20:00:00-04:00,43.6975049064643,43.71056732155591,43.66268176325672,43.67138671875,298600
2023-08-21 20:00:00-04:00,43.70620278149118,43.721002198677965,43.66267137191596,43.69749450683594,410100
2023-08-22 20:00:00-04:00,43.73232337159366,43.74103164672852,43.69749691352191,43.74103164672852,478000
2023-08-23 20:00:00-04:00,43.74103164672852,43.76714982966541,43.70620518865677,43.74103164672852,565000
2023-08-24 20:00:00-04:00,43.73233118313695,43.76367367250644,43.67051636782013,43.7497444152832,355900
2023-08-27 20:00:00-04:00,43.810678659388174,43.810678659388174,43.74973402197168,43.77585220336914,550200
2023-08-28 20:00:00-04:00,43.82809361810144,43.82809361810144,43.767148978278335,43.8106803894043,616300
2023-08-29 20:00:00-04:00,43.79326783919442,43.836799250994815,43.79326783919442,43.81938934326172,457300
2023-08-30 20:00:00-04:00,43.8367956208703,43.8367956208703,43.79326421267474,43.82809066772461,285100
2023-08-31 20:00:00-04:00,43.91913492776736,43.91913492776736,43.814087100918975,43.85785675048828,459200
2023-09-04 20:00:00-04:00,43.89287111241799,43.919132232666016,43.831592938899256,43.919132232666016,554800
2023-09-05 20:00:00-04:00,43.901636921434566,43.901636921434566,43.83160279913847,43.84035873413086,582300
2023-09-06 20:00:00-04:00,43.88411619172253,43.88411619172253,43.84909914030871,43.866607666015625,469700
2023-09-07 20:00:00-04:00,43.91037731057799,43.91037731057799,43.84909914030871,43.866607666015625,408900
2023-09-10 20:00:00-04:00,43.89287065398284,43.91913177395658,43.88411806046157,43.90162658691406,680000
2023-09-11 20:00:00-04:00,43.91038987626516,43.92789840698242,43.892881345547885,43.92789840698242,494900
2023-09-12 20:00:00-04:00,43.90163728061191,43.954159533352936,43.90163728061191,43.92789840698242,462900
2023-09-13 20:00:00-04:00,43.95414733886719,43.97165586472696,43.91913028714766,43.95414733886719,491800
2023-09-14 20:00:00-04:00,44.01543576358871,44.01543576358871,43.95415757850898,43.9629135131836,656800
2023-09-17 20:00:00-04:00,43.9891679381691,44.93460837438393,43.97165941089733,43.98041534423828,413800
2023-09-18 20:00:00-04:00,43.98917220990672,44.01193363151137,43.97166368093472,43.9979248046875,569700
2023-09-19 20:00:00-04:00,43.9979248046875,43.9979248046875,43.98917220990672,43.9979248046875,340400
2023-09-20 20:00:00-04:00,44.041690826416016,44.041690826416016,44.0066737740141,44.041690826416016,429500
2023-09-21 20:00:00-04:00,44.02418731649585,44.03293991088867,44.0066787882999,44.03293991088867,539900
2023-09-24 20:00:00-04:00,44.04169296282053,44.05044555664063,44.03293702959035,44.05044555664063,605800
2023-09-25 20:00:00-04:00,44.06795120239258,44.076703795640405,44.050442676487066,44.06795120239258,1176000
2023-09-26 20:00:00-04:00,44.10297113779144,44.97925237928557,44.03993977252844,44.05044555664063,1361800
2023-09-27 20:00:00-04:00,44.23428270362317,44.23428270362317,44.0504481678133,44.0592041015625,1467100
2023-09-28 20:00:00-04:00,44.11172634641659,44.11172634641659,44.0504481678133,44.0592041015625,432600
2023-10-01 20:00:00-04:00,44.11730288855243,44.11730288855243,44.05568681104885,44.08209609985352,1076200
2023-10-02 20:00:00-04:00,44.1437082506497,44.1437082506497,44.07328796386719,44.07328796386719,602700
2023-10-03 20:00:00-04:00,44.07328057533607,44.089126144552985,44.03807043784752,44.0556755065918,1000400
2023-10-04 20:00:00-04:00,44.12608861674986,44.12608861674986,44.011657367404176,44.02045822143555,752000
2023-10-05 20:00:00-04:00,44.05567204007062,44.06447625266176,44.02046190535256,44.046871185302734,1140500
2023-10-08 20:00:00-04:00,44.04688595333022,44.08209609985352,44.0380817377872,44.08209609985352,1104200
2023-10-09 20:00:00-04:00,44.06449102659187,44.09089695757215,44.06449102659187,44.08209609985352,686800
2023-10-10 20:00:00-04:00,44.09968302955655,44.09968302955655,44.029266117943706,44.046871185302734,826200
2023-10-11 20:00:00-04:00,44.08208489666829,44.10849082093767,44.04687475909343,44.06447982788086,801600
2023-10-12 20:00:00-04:00,44.06449102659187,44.08209609985352,44.05568681104885,44.08209609985352,712900
2023-10-15 20:00:00-04:00,44.11729167641962,44.12169378307236,44.05567561457538,44.06447982788086,750100
2023-10-16 20:00:00-04:00,44.275737176103696,44.275737176103696,44.064483050850015,44.09088897705078,673400
2023-10-17 20:00:00-04:00,44.12610258443952,44.12610258443952,44.07328737006421,44.09969329833984,1152800
2023-10-18 20:00:00-04:00,44.09969686803448,44.126106156271874,44.090896010504885,44.11730194091797,1152700
2023-10-19 20:00:00-04:00,44.08209525880479,44.12610626220703,44.08209525880479,44.12610626220703,710700
2023-10-22 20:00:00-04:00,44.13490711975775,44.13490711975775,44.10850118928127,44.12610626220703,1310800
2023-10-23 20:00:00-04:00,44.13489889763913,44.16130482319632,44.12609804172798,44.15250396728516,1026900
2023-10-24 20:00:00-04:00,44.170108795166016,44.170108795166016,44.15250372561636,44.170108795166016,1476400
2023-10-25 20:00:00-04:00,44.178909892842334,44.178909892842334,44.143703111374,44.15250396728516,1105500
2023-10-26 20:00:00-04:00,44.17891287350214,44.19651794433594,44.16130780266835,44.19651794433594,831700
2023-10-29 20:00:00-04:00,44.21412312215123,44.21412312215123,44.19651805127484,44.205322265625,1391900
2023-10-30 20:00:00-04:00,44.21413015581514,44.23173522949219,44.20532929788886,44.23173522949219,1163900
2023-10-31 20:00:00-04:00,44.2432280349213,44.2520751953125,44.22110507070767,44.2520751953125,907200
2023-11-01 20:00:00-04:00,44.26091766357422,44.26976482235281,44.25206712930582,44.26091766357422,909000
2023-11-02 20:00:00-04:00,44.28747690411912,44.28747690411912,44.25208150652541,44.269779205322266,1258000
2023-11-05 19:00:00-05:00,44.29632261188273,44.33171463012695,44.29632261188273,44.33171463012695,649000
2023-11-06 19:00:00-05:00,44.32286746943853,44.33171463012695,44.31402030875011,44.33171463012695,699000
2023-11-07 19:00:00-05:00,44.349412326994326,44.349412326994326,44.32286746943853,44.33171463012695,953700
2023-11-08 19:00:00-05:00,44.358264045130525,44.36711120605469,44.3317158113768,44.36711120605469,910500
2023-11-09 19:00:00-05:00,44.37595748901367,44.37595748901367,44.36710695344721,44.37595748901367,867000
2023-11-12 19:00:00-05:00,44.38480539407983,44.41135025024414,44.37595823385517,44.41135025024414,594400
2023-11-13 19:00:00-05:00,44.42020034790039,44.42020034790039,44.37595779623272,44.42020034790039,868900
2023-11-14 19:00:00-05:00,44.4290475080378,44.4290475080378,44.393652116507525,44.42020034790039,1325000
2023-11-15 19:00:00-05:00,44.43791360038088,44.46445846557617,44.43791360038088,44.46445846557617,868000
2023-11-16 19:00:00-05:00,44.47329580170575,44.49099349975586,44.46444864042608,44.49099349975586,558000
2023-11-19 19:00:00-05:00,44.5086869431488,44.5086869431488,44.44674669363978,44.49983978271485,1420400
2023-11-20 19:00:00-05:00,44.51753278596792,44.51753278596792,44.49983509147528,44.50868225097656,1467300
2023-11-21 19:00:00-05:00,44.50868562766727,44.52638332350256,44.50868562766727,44.51753616333008,2538100
2023-11-23 19:00:00-05:00,44.51753484863268,44.54850497155724,44.51753484863268,44.53523254394531,327600
2023-11-26 19:00:00-05:00,44.57947715650261,44.57947715650261,44.544081764240126,44.55292892456055,936200
2023-11-27 19:00:00-05:00,44.56177946037137,44.56177946037137,44.544081764240126,44.55292892456055,815000
2023-11-28 19:00:00-05:00,44.597177657006256,44.614871978759766,44.588327120638894,44.614871978759766,936700
2023-11-29 19:00:00-05:00,44.65027075124239,44.65027075124239,44.61045346104873,44.62372589111328,1466100
2023-11-30 19:00:00-05:00,44.6468661370269,44.66466832528786,44.63796674060652,44.65576553344727,2367000
2023-12-03 19:00:00-05:00,44.64686303514382,44.6806882091157,44.64686303514382,44.66466522216797,956100
2023-12-04 19:00:00-05:00,44.6824687069668,44.691368103027344,44.65754632349313,44.691368103027344,858200
2023-12-05 19:00:00-05:00,44.70027160644531,44.70027160644531,44.66466723079584,44.70027160644531,917200
2023-12-06 19:00:00-05:00,44.691361686147104,44.70026447634947,44.63795852661133,44.63795852661133,1909400
2023-12-07 19:00:00-05:00,44.70027671492339,44.72697830200195,44.69137392228351,44.72697830200195,1188400
2023-12-10 19:00:00-05:00,44.762580160302456,44.762580160302456,44.74477797144601,44.75367736816406,821800
2023-12-11 19:00:00-05:00,44.74477767944336,44.76257986818363,44.71807609404311,44.74477767944336,1783400
2023-12-12 19:00:00-05:00,44.73587517930762,44.762580160302456,44.73587517930762,44.75367736816406,1028700
2023-12-13 19:00:00-05:00,44.753666931506,44.78927130091587,44.74476753686331,44.77146911621094,2060100
2023-12-14 19:00:00-05:00,44.85158387585701,44.896087646484375,44.84268447989955,44.896087646484375,1986800
2023-12-17 19:00:00-05:00,44.85157675115746,44.904983304678666,44.83377456665039,44.83377456665039,2272200
2023-12-18 19:00:00-05:00,44.90499043786188,44.90499043786188,44.85158387585701,44.896087646484375,1435300
2023-12-19 19:00:00-05:00,44.90498733520508,44.922789521310015,44.88273375371896,44.90498733520508,1277600
2023-12-20 19:00:00-05:00,44.94949311522342,44.94949311522342,44.92279153258045,44.94059371948242,841200
2023-12-21 19:00:00-05:00,44.70916819282379,44.71807098388672,44.69136600611787,44.71807098388672,1017100
2023-12-25 19:00:00-05:00,44.735870361328125,44.7536725482673,44.735870361328125,44.735870361328125,715600
2023-12-26 19:00:00-05:00,44.76257986818363,44.76257986818363,44.73142688674324,44.74477767944336,623300
2023-12-27 19:00:00-05:00,44.77147955702051,44.77147955702051,44.73587517930762,44.75367736816406,784000
2023-12-28 19:00:00-05:00,44.77146911621094,44.78037190627318,44.76256972156824,44.77146911621094,611300
2024-01-01 19:00:00-05:00,44.81597971590406,44.82488250732422,44.76791754483146,44.82488250732422,977000
2024-01-02 19:00:00-05:00,44.78928094134614,44.80708312988281,44.78038154478794,44.80708312988281,1469200
2024-01-03 19:00:00-05:00,44.80707067724149,44.8159700713264,44.78036909956744,44.78926849365234,1678800
2024-01-04 19:00:00-05:00,44.83377456665039,44.83377456665039,44.80707298759955,44.83377456665039,1279600
2024-01-07 19:00:00-05:00,44.84269332885742,44.85159272657102,44.833790535723104,44.84269332885742,727300
2024-01-08 19:00:00-05:00,44.851593017578125,44.86939520854155,44.84269361980678,44.851593017578125,1453800
2024-01-09 19:00:00-05:00,44.86938095092773,44.87828034587122,44.86048155598425,44.86938095092773,1356400
2024-01-10 19:00:00-05:00,44.87828545914942,44.90499043786188,44.86938606319197,44.896087646484375,617800
2024-01-11 19:00:00-05:00,44.92280197143555,44.93170136924453,44.90499978039683,44.92280197143555,724900
2024-01-15 19:00:00-05:00,45.0296012585723,45.0296012585723,44.92279153258045,44.94059371948242,1000700
2024-01-16 19:00:00-05:00,44.93169251794308,44.9761962890625,44.93169251794308,44.9761962890625,1732600
2024-01-17 19:00:00-05:00,44.98509245706112,44.99399185180664,44.976189666896,44.99399185180664,1199800
2024-01-18 19:00:00-05:00,45.01179885864258,45.01179885864258,45.002899462943695,45.01179885864258,1315500
2024-01-21 19:00:00-05:00,44.985100796408325,45.02070517282996,44.985100796408325,45.00290298461914,4225200
2024-01-22 19:00:00-05:00,45.03850526213,45.03850526213,45.01625507279113,45.02960586547852,2371200
2024-01-23 19:00:00-05:00,45.0474080542018,45.0474080542018,45.02070646882704,45.02960586547852,916600
2024-01-24 19:00:00-05:00,45.038503455334826,45.065208435058594,45.038503455334826,45.065208435058594,984600
2024-01-25 19:00:00-05:00,45.065208435058594,45.065208435058594,45.05630564334395,45.065208435058594,536100
2024-01-28 19:00:00-05:00,45.10081423638594,45.10081423638594,45.07411264922828,45.08301544189453,847100
2024-01-29 19:00:00-05:00,45.07411264922828,45.08301544189453,45.06521325198258,45.08301544189453,1161200
2024-01-30 19:00:00-05:00,45.091906495700016,45.091906495700016,45.065204913483,45.07410430908203,1370500
2024-01-31 19:00:00-05:00,45.11884689331055,45.11884689331055,45.07768545672066,45.11884689331055,1761900
2024-02-01 19:00:00-05:00,45.136742324231776,45.145692836880826,45.10989761352539,45.10989761352539,1933800
2024-02-04 19:00:00-05:00,45.17255183818726,45.17255183818726,45.12243987508459,45.163604736328125,1017100
2024-02-05 19:00:00-05:00,45.17253752446491,45.181488037109375,45.163590425440816,45.181488037109375,1221800
2024-02-06 19:00:00-05:00,45.19043731689453,45.19043731689453,45.172539704362286,45.19043731689453,870300
2024-02-07 19:00:00-05:00,45.19044207674473,45.20833969116211,45.17254446232735,45.20833969116211,1684800
2024-02-08 19:00:00-05:00,45.21728679156035,45.21728679156035,45.1922308141002,45.20833969116211,5082100
2024-02-11 19:00:00-05:00,45.21728515625,45.21728515625,45.20833805617534,45.21728515625,901800
2024-02-12 19:00:00-05:00,45.22623730557949,45.23518440597772,45.19938917714297,45.20833969116211,2025400
2024-02-13 19:00:00-05:00,45.24412823311008,45.24412823311008,45.2101217466568,45.22623062133789,2578300
2024-02-14 19:00:00-05:00,45.25308104135028,45.26203155517578,45.23070817040737,45.26203155517578,1130700
2024-02-15 19:00:00-05:00,45.27992793559637,45.27992793559637,45.24860796294088,45.27098083496094,1189700
2024-02-19 19:00:00-05:00,45.28887939453125,45.28887939453125,45.27992888008813,45.28887939453125,919000
2024-02-20 19:00:00-05:00,45.297819811584574,45.30677032470703,45.28887271208268,45.30677032470703,930200
2024-02-21 19:00:00-05:00,45.30676774283701,45.31571484182904,45.29781723022461,45.29781723022461,983700
2024-02-22 19:00:00-05:00,45.31572599885581,45.33899324103215,45.28888128164999,45.32467651367188,1022000
2024-02-25 19:00:00-05:00,45.34257071606161,45.34257071606161,45.32467651367188,45.32467651367188,640700
2024-02-26 19:00:00-05:00,45.35151290893555,45.35151290893555,45.32466819665571,45.35151290893555,1418300
2024-02-27 19:00:00-05:00,45.36940793882511,45.36940793882511,45.32645435345032,45.342559814453125,1059400
2024-02-28 19:00:00-05:00,45.36046476909009,45.37836238369521,45.35151766859801,45.369415283203125,1297200
2024-02-29 19:00:00-05:00,45.389198303222656,45.40718888507088,45.38020472797486,45.389198303222656,2634700
2024-03-03 19:00:00-05:00,45.407188415527344,45.41618542203474,45.39819484037255,45.407188415527344,1097200
2024-03-04 19:00:00-05:00,45.425188492806285,45.42608750737443,45.39820433034857,45.41619491577149,1195500
2024-03-05 19:00:00-05:00,45.42517899718953,45.42517899718953,45.407188415527344,45.407188415527344,1438500
2024-03-06 19:00:00-05:00,45.43417739868164,45.43417739868164,45.416190246461326,45.43417739868164,2157900
2024-03-07 19:00:00-05:00,45.45216221510573,45.45216221510573,45.434171633815176,45.44316864013672,1125300
2024-03-10 20:00:00-04:00,45.42517805884616,45.45216221510573,45.41618448387714,45.44316864013672,1051300
2024-03-11 20:00:00-04:00,45.47015614276957,45.474654646261406,45.452165560155,45.46116256713867,1944400
2024-03-12 20:00:00-04:00,45.49714707807816,45.49714707807816,45.46116591020308,45.47915649414063,2060700
2024-03-13 20:00:00-04:00,45.488141971007465,45.50613255174168,45.47914839631657,45.49713897705078,1132300
2024-03-14 20:00:00-04:00,45.50614547729492,45.51513905454036,45.49715190004949,45.50614547729492,736700
2024-03-17 20:00:00-04:00,45.54212431180811,45.54212431180811,45.506143141966106,45.51513671875,843800
2024-03-18 20:00:00-04:00,45.533127303670994,45.533127303670994,45.51513671875,45.51513671875,798900
2024-03-19 20:00:00-04:00,45.53311538696289,45.54211239274535,45.506131232320165,45.53311538696289,861700
2024-03-20 20:00:00-04:00,45.55110355011487,45.56909412937284,45.533112970856905,45.56010055541992,1544400
2024-03-21 20:00:00-04:00,45.59608888055869,45.59608888055869,45.54301957606202,45.57809829711914,1294200
2024-03-24 20:00:00-04:00,45.57809829711914,45.58709530451539,45.56910472107584,45.57809829711914,1580300
2024-03-25 20:00:00-04:00,45.57809681671798,45.587093823822,45.56460473741479,45.5691032409668,1469000
2024-03-26 20:00:00-04:00,45.59609175185333,45.63207292099824,45.57810116728087,45.61408233642578,2135000
2024-03-27 20:00:00-04:00,45.61407610133928,45.64106369018555,45.61407610133928,45.64106369018555,1807300
2024-03-31 20:00:00-04:00,45.740553448893365,45.740553448893365,45.65916442871094,45.65916442871094,1841800
2024-04-01 20:00:00-04:00,45.686292952201576,45.695334643461614,45.65916442871094,45.65916442871094,1601900
2024-04-02 20:00:00-04:00,45.67724781123102,45.67724781123102,45.65916442871094,45.65916442871094,1404200
2024-04-03 20:00:00-04:00,45.686277950319855,45.70436477661133,45.66999877174472,45.70436477661133,2218400
2024-04-04 20:00:00-04:00,45.74054089831274,45.74054089831274,45.71340893255623,45.72245407104492,1067800
2024-04-07 20:00:00-04:00,45.72244891085743,45.74957742384267,45.72244891085743,45.740535736083984,1950600
2024-04-08 20:00:00-04:00,45.74957742384267,45.74957742384267,45.71340377338956,45.740535736083984,1503800
2024-04-09 20:00:00-04:00,45.641065073194525,45.74054089831274,45.63201993470583,45.72245407104492,3645300
2024-04-10 20:00:00-04:00,45.74053622643202,45.77670642756371,45.72696852008477,45.73149108886719,1488100
2024-04-11 20:00:00-04:00,45.80384112809567,45.84453390044185,45.785754301594224,45.79479598999024,1713600
2024-04-14 20:00:00-04:00,45.81288748983278,45.82102535519027,45.78575897216797,45.78575897216797,2050400
2024-04-15 20:00:00-04:00,45.84905646949456,45.84905646949456,45.79479598999024,45.79479598999024,1524200
2024-04-16 20:00:00-04:00,45.876190417571095,45.876190417571095,45.81288824217379,45.82192993164063,1788900
2024-04-17 20:00:00-04:00,45.8490630161235,45.85810470581055,45.81288935795551,45.85810470581055,2521700
2024-04-18 20:00:00-04:00,45.876179596269616,45.90150046045584,45.84905108455838,45.86713790893555,1415300
2024-04-21 20:00:00-04:00,45.89426642064677,45.89426642064677,45.86713790893555,45.86713790893555,2005200
2024-04-22 20:00:00-04:00,45.8852366742915,45.91236519306254,45.85810470581055,45.85810470581055,4601000
2024-04-23 20:00:00-04:00,45.89428033753679,45.90784459750561,45.867151817599165,45.88523864746094,1613600
2024-04-24 20:00:00-04:00,45.91236028881784,45.93044711596984,45.88523177294459,45.92140197753906,2876400
2024-04-25 20:00:00-04:00,45.93948831338039,45.94401088254741,45.92140148642181,45.93044662475586,2200700
2024-04-28 20:00:00-04:00,45.93044662475586,45.966620278673005,45.92140148642181,45.93044662475586,1945100
2024-04-29 20:00:00-04:00,45.94853345171443,45.94853345171443,45.93044662475586,45.93044662475586,2899100
2024-04-30 20:00:00-04:00,46.134112522773634,46.134112522773634,45.952266693115234,45.952266693115234,2453800
2024-05-01 20:00:00-04:00,45.99772674743337,45.99772674743337,45.96135688824135,45.9886360168457,4638600
2024-05-02 20:00:00-04:00,46.00681747802104,46.00681747802104,45.9886360168457,45.9886360168457,5553800
2024-05-05 20:00:00-04:00,46.006813089456806,46.015907287597656,46.006813089456806,46.015907287597656,4388500
2024-05-06 20:00:00-04:00,46.04318263892204,46.04318263892204,46.006812783441234,46.02499771118164,3591800
2024-05-07 20:00:00-04:00,46.070458296322485,46.070458296322485,46.006812783441234,46.02499771118164,3512100
2024-05-08 20:00:00-04:00,46.05228011930141,46.061370849609375,46.03409519026491,46.061370849609375,1343600
2024-05-09 20:00:00-04:00,46.10683086386866,46.10683086386866,46.055914450568686,46.088645935058594,2419800
2024-05-12 20:00:00-04:00,46.10683853444152,46.10683853444152,46.07956287089897,46.097747802734375,1828800
2024-05-13 20:00:00-04:00,46.13412117505395,46.13412117505395,46.09775130861709,46.106842041015625,1494100
2024-05-14 20:00:00-04:00,46.14319667712199,46.14319667712199,46.106826822689605,46.11592102050781,2189900
2024-05-15 20:00:00-04:00,46.14321167351455,46.14321167351455,46.12502674038832,46.13412094116211,1780800
2024-05-16 20:00:00-04:00,46.16139221191406,46.17048294340103,46.1432072805191,46.16139221191406,1519100
2024-05-19 20:00:00-04:00,46.20684871955165,46.20684871955165,46.1522939301917,46.17957305908203,2866800
2024-05-20 20:00:00-04:00,46.19775386626088,46.19775386626088,46.170474739804895,46.18865966796875,1831900
2024-05-21 20:00:00-04:00,46.206844596132605,46.21593879442473,46.17956893809702,46.18865966796875,1475800
2024-05-22 20:00:00-04:00,46.215941808447326,46.25230819872631,46.19775687909752,46.24321746826172,3399600
2024-05-23 20:00:00-04:00,46.27049282107485,46.27049282107485,46.225032232212286,46.2523078918457,2219100
2024-05-27 20:00:00-04:00,46.27049312807611,46.27958732696133,46.2341232693765,46.24321746826172,1535900
2024-05-28 20:00:00-04:00,46.2341226954628,46.27049255371094,46.2341226954628,46.27049255371094,1521900
2024-05-29 20:00:00-04:00,46.2795941131731,46.2886848449707,46.27049991295435,46.2886848449707,1898000
2024-05-30 20:00:00-04:00,46.28867694852725,46.306861877441406,46.28140367064569,46.306861877441406,2149800
2024-06-02 20:00:00-04:00,46.35802957307997,46.35802957307997,46.31233932803365,46.321475982666016,3482800
2024-06-03 20:00:00-04:00,46.339752777873,46.339752777873,46.30776925774635,46.321475982666016,1722800
2024-06-04 20:00:00-04:00,46.339752777873,46.339752777873,46.30319918745904,46.321475982666016,2780500
2024-06-05 20:00:00-04:00,46.36716971365458,46.36716971365458,46.31233932803365,46.321475982666016,2460000
2024-06-06 20:00:00-04:00,46.34889602661133,46.34889602661133,46.321479088991154,46.34889602661133,2634300
2024-06-09 20:00:00-04:00,46.37174276809189,46.37631283901684,46.33975924350269,46.358036041259766,2167900
2024-06-10 20:00:00-04:00,46.35804354197396,46.38545700007369,46.35804354197396,46.367183685302734,2133200
2024-06-11 20:00:00-04:00,46.38545700007369,46.38545700007369,46.35804354197396,46.367183685302734,10078700
2024-06-12 20:00:00-04:00,46.385452727100464,46.40372952613108,46.36717941401282,46.37631607055664,1874500
2024-06-13 20:00:00-04:00,46.39459286958726,46.40372952613108,46.37631607055664,46.37631607055664,3806800
2024-06-16 20:00:00-04:00,46.40372848510742,46.41286862738917,46.38545168648682,46.40372848510742,1635400
2024-06-17 20:00:00-04:00,46.42200134062137,46.42200134062137,46.40372454355321,46.412864685058594,2421500
2024-06-19 20:00:00-04:00,46.412864685058594,46.43114148212675,46.412864685058594,46.412864685058594,2398300
2024-06-20 20:00:00-04:00,46.44941329956055,46.45854995414382,46.43113650445176,46.44941329956055,1794800
2024-06-23 20:00:00-04:00,46.46769332885742,46.47683347070477,46.44027987520085,46.46769332885742,2250800
2024-06-24 20:00:00-04:00,46.47683347070477,46.47683347070477,46.46769332885742,46.46769332885742,1360700
2024-06-25 20:00:00-04:00,46.46769332885742,46.47683347070477,46.46769332885742,46.46769332885742,1561000
2024-06-26 20:00:00-04:00,46.48597381483265,46.48597381483265,46.4676970156306,46.476837158203125,2331500
2024-06-27 20:00:00-04:00,46.47684038702823,46.499683773160505,46.47684038702823,46.4951171875,2876900
2024-06-30 20:00:00-04:00,46.55666728648725,46.55666728648725,46.50154025916553,46.51072692871094,3395000
2024-07-01 20:00:00-04:00,46.53830482692713,46.53830482692713,46.519927978515625,46.519927978515625,3546100
2024-07-02 20:00:00-04:00,46.53830776152651,46.53830776152651,46.5199309119562,46.52911758422852,1480900
2024-07-04 20:00:00-04:00,46.5566682065922,46.5566682065922,46.53829486713827,46.547481536865234,1990600
2024-07-07 20:00:00-04:00,46.575044172012646,46.575044172012646,46.55666732788086,46.55666732788086,1688000
2024-07-08 20:00:00-04:00,46.56586604668678,46.59802465356193,46.56586604668678,46.59342956542969,2419800
2024-07-09 20:00:00-04:00,46.60261917114258,46.60261917114258,46.57505214771189,46.60261917114258,3171000
2024-07-10 20:00:00-04:00,46.62098750723787,46.62098750723787,46.59342048883986,46.61179733276367,2407400
2024-07-11 20:00:00-04:00,46.63017566546216,46.63936233520508,46.5980170638249,46.63936233520508,5032100
2024-07-14 20:00:00-04:00,46.66694023380444,46.66694023380444,46.63937320809967,46.648563385009766,1986800
2024-07-15 20:00:00-04:00,46.65774154663086,46.665091583803,46.63936470118808,46.65774154663086,9149400
2024-07-16 20:00:00-04:00,46.65775005689434,46.65775005689434,46.648563385009766,46.648563385009766,1666200
2024-07-17 20:00:00-04:00,46.66694023380444,46.66694023380444,46.63937320809967,46.648563385009766,2287700
2024-07-18 20:00:00-04:00,46.66692207803258,46.69448558798824,46.66692207803258,46.68529891967773,826000
2024-07-21 20:00:00-04:00,46.7128624296334,46.7128624296334,46.68529891967773,46.68529891967773,2198200
2024-07-22 20:00:00-04:00,46.71287830049212,46.72206497192383,46.69450145260336,46.72206497192383,2600300
2024-07-23 20:00:00-04:00,46.70368106746218,46.72205440617063,46.70368106746218,46.712867736816406,2535600
2024-07-24 20:00:00-04:00,46.72205440617063,46.72205440617063,46.70368106746218,46.712867736816406,1948200
2024-07-25 20:00:00-04:00,46.74043273925781,46.74043273925781,46.72205589493924,46.74043273925781,1594900
2024-07-28 20:00:00-04:00,46.76800067758457,46.77718734741211,46.74043365805248,46.77718734741211,2053300
2024-07-29 20:00:00-04:00,46.81393814086914,46.82312481012839,46.80474796658537,46.81393814086914,1633500
2024-07-30 20:00:00-04:00,46.823126827097,46.823126827097,46.78637313842773,46.78637313842773,3788000
2024-07-31 20:00:00-04:00,46.8270129612173,46.8270129612173,46.73464987632221,46.80854034423828,4266000
2024-08-01 20:00:00-04:00,46.88243574938936,46.88243574938936,46.62382611159659,46.70695114135742,3016300
2024-08-04 20:00:00-04:00,46.291328848495525,46.69771947386164,46.06042636528016,46.66077423095703,6780000
2024-08-05 20:00:00-04:00,46.734664182332885,46.78084750056339,46.64230459245691,46.76237487792969,2950500
2024-08-06 20:00:00-04:00,46.77160077555885,46.82701863320848,46.76236622759651,46.79007339477539,3156900
2024-08-07 20:00:00-04:00,46.81776994779224,46.81776994779224,46.77159017186634,46.79929733276367,2826900
2024-08-08 20:00:00-04:00,46.85472859635061,46.85472859635061,46.81778335571289,46.81778335571289,1872100
2024-08-11 20:00:00-04:00,46.83625318117082,46.83625318117082,46.77160077555885,46.79007339477539,2797900
2024-08-12 20:00:00-04:00,46.79008019139358,46.80855281329341,46.75313494759392,46.78084564208984,2801400
2024-08-13 20:00:00-04:00,46.79007525056444,46.79930979889304,46.76236808228664,46.771602630615234,1864800
2024-08-14 20:00:00-04:00,46.78084564208984,46.79008019139358,46.69772060518679,46.78084564208984,1953800
2024-08-15 20:00:00-04:00,46.771595110280245,46.8270129612173,46.75312249330123,46.80854034423828,2539300
2024-08-18 20:00:00-04:00,46.82701288801717,46.89166528569695,46.81408240848121,46.88242721557617,2342300
2024-08-19 20:00:00-04:00,46.891664559849474,46.92860979317788,46.87319194318528,46.91013717651367,3353200
2024-08-20 20:00:00-04:00,46.92861062873602,46.93784517558685,46.90089994160064,46.91937255859375,1869100
2024-08-21 20:00:00-04:00,46.947077577083455,46.947077577083455,46.919366893294026,46.93783950805664,1823400
2024-08-22 20:00:00-04:00,46.95632255060211,46.97479516946702,46.95170351506294,46.96555709838867,1932800
2024-08-25 20:00:00-04:00,46.9747933151268,46.9932659332625,46.965555244413125,46.98402786254883,1840500
2024-08-26 20:00:00-04:00,47.002500480684525,47.002500480684525,46.965555244413125,46.98402786254883,1671000
2024-08-27 20:00:00-04:00,47.01173967790452,47.01173967790452,46.98402898839113,46.99326705932617,1819600
2024-08-28 20:00:00-04:00,47.002500480684525,47.002500480684525,46.98402786254883,46.98402786254883,1894200
2024-08-29 20:00:00-04:00,46.98403178091112,47.03021156845583,46.97479723271896,47.02097702026367,1999700
2024-09-02 20:00:00-04:00,47.05719421763908,47.06648319502604,47.02933437089193,47.04790878295898,2459900
2024-09-03 20:00:00-04:00,47.05719757080078,47.05719757080078,47.03862670011728,47.05719757080078,2824900
2024-09-04 20:00:00-04:00,47.06648319502604,47.06648319502604,47.03862334827889,47.04790878295898,2593500
2024-09-05 20:00:00-04:00,47.075774955690974,47.09434937025403,47.06741770908516,47.08506393432617,1925000
2024-09-08 20:00:00-04:00,47.1036376953125,47.1036376953125,47.09434871680619,47.1036376953125,1946700
2024-09-09 20:00:00-04:00,47.1036376953125,47.11292313111152,47.09434871680619,47.1036376953125,2011800
2024-09-10 20:00:00-04:00,47.10363407056494,47.10363407056494,47.08505965768895,47.09434509277344,2333900
2024-09-11 20:00:00-04:00,47.10363341880376,47.112918853759766,47.09434444114079,47.112918853759766,3440700
2024-09-12 20:00:00-04:00,47.12221099386419,47.13149642944336,47.11292201557782,47.13149642944336,3125400
2024-09-15 20:00:00-04:00,47.15007781982422,47.15007781982422,47.13150340321034,47.15007781982422,2131500
2024-09-16 20:00:00-04:00,47.15936325677729,47.15936325677729,47.14078884016342,47.15007781982422,2522500
2024-09-17 20:00:00-04:00,47.15935134887695,47.15935134887695,47.15006591426848,47.15935134887695,2556400
2024-09-18 20:00:00-04:00,47.15935115944076,47.17792557128992,47.15006572486959,47.16864013671875,3077900
2024-09-19 20:00:00-04:00,47.18720943415818,47.20578384399414,47.17792045788698,47.20578384399414,2649800
2024-09-22 20:00:00-04:00,47.21508407592773,47.21508407592773,47.20579863945269,47.21508407592773,3133800
2024-09-23 20:00:00-04:00,47.21507979874111,47.224365234375,47.20579436310722,47.224365234375,3264600
2024-09-24 20:00:00-04:00,47.23365421271611,47.23365421271611,47.21507979874111,47.224365234375,2027200
2024-09-25 20:00:00-04:00,47.24293518066406,47.24293518066406,47.23364974590829,47.24293518066406,2719000
2024-09-26 20:00:00-04:00,47.27080173443208,47.27080173443208,47.261512756347656,47.261512756347656,2904500
2024-09-29 20:00:00-04:00,47.26151321867125,47.28008763231469,47.23365336955969,47.252227783203125,4830300
2024-09-30 20:00:00-04:00,47.30170607430876,47.30170607430876,47.25502132850337,47.28303146362305,12499400
2024-10-01 20:00:00-04:00,47.29237365722656,47.29237365722656,47.28303457036118,47.29237365722656,6805600
2024-10-02 20:00:00-04:00,47.30170822143555,47.31104374629327,47.27369808504443,47.30170822143555,4116400
2024-10-03 20:00:00-04:00,47.32038497924805,47.32972050452919,47.26436114210682,47.32038497924805,3216700
2024-10-06 20:00:00-04:00,47.33906936645508,47.33906936645508,47.32973027742743,47.33906936645508,2774500
2024-10-07 20:00:00-04:00,47.34839630126953,47.34839630126953,47.33906077575487,47.34839630126953,2476400
2024-10-08 20:00:00-04:00,47.35773849487305,47.36707402100004,47.34839940692761,47.35773849487305,3065700
2024-10-09 20:00:00-04:00,47.36706853642694,47.376407623291016,47.34839392451683,47.376407623291016,5837300
2024-10-10 20:00:00-04:00,47.39507867338311,47.39507867338311,47.36706853642694,47.376407623291016,5031800
2024-10-13 20:00:00-04:00,47.39508534325436,47.39508534325436,47.367075202356354,47.38574981689453,1706800
2024-10-14 20:00:00-04:00,47.395083672160695,47.413758286040434,47.38574814613003,47.404422760009766,4691300
2024-10-15 20:00:00-04:00,47.413758286040434,47.413758286040434,47.404422760009766,47.404422760009766,3091300
2024-10-16 20:00:00-04:00,47.4230973738895,47.4230973738895,47.395083672160695,47.404422760009766,4427900
2024-10-17 20:00:00-04:00,47.432430267333984,47.44176935466472,47.42309474182145,47.432430267333984,2686800
2024-10-20 20:00:00-04:00,47.45110417161336,47.455773715209,47.43242955904896,47.44176864624024,2258100
2024-10-21 20:00:00-04:00,47.45110417161336,47.46044325880464,47.44176864624024,47.44176864624024,3544400
2024-10-22 20:00:00-04:00,47.46044158935547,47.469777114400216,47.41375327867768,47.46044158935547,3438800
2024-10-23 20:00:00-04:00,47.46977400643679,47.46977400643679,47.44176387131843,47.45109939575195,4101900
2024-10-24 20:00:00-04:00,47.47911263944496,47.47911263944496,47.46044158935547,47.46044158935547,3080400
2024-10-27 20:00:00-04:00,47.46978115094913,47.4977912902832,47.46978115094913,47.4977912902832,1822800
2024-10-28 20:00:00-04:00,47.49779225210184,47.52580595382151,47.404422744552,47.48845672607422,4155700
2024-10-29 20:00:00-04:00,47.50712799974404,47.52580261230469,47.49778891255465,47.52580261230469,2860100
2024-10-30 20:00:00-04:00,47.535138137675936,47.535138137675936,47.51646352511529,47.52580261230469,4199600
2024-10-31 20:00:00-04:00,47.566144853987375,47.566144853987375,47.54737695702729,47.5567626953125,8673400
2024-11-03 19:00:00-05:00,47.57553781377789,47.57553781377789,47.50985195425229,47.53800201416016,8025800
2024-11-04 19:00:00-05:00,47.54737695702729,47.5567626953125,47.509844742717455,47.5567626953125,4360000
2024-11-05 19:00:00-05:00,47.55676692192856,47.594302719184725,47.53799902330047,47.57553482055664,6282400
2024-11-06 19:00:00-05:00,47.59430354269757,47.61307144165039,47.57553564374475,47.61307144165039,3681600
2024-11-07 19:00:00-05:00,47.66937437824353,47.66937437824353,47.62245641789193,47.65999221801758,4411000
2024-11-10 19:00:00-05:00,47.659993802893126,47.66468309335658,47.6412259022062,47.65060806274414,2138300
2024-11-11 19:00:00-05:00,47.678760118080405,47.678760118080405,47.65060647818071,47.65999221801758,4408900
2024-11-12 19:00:00-05:00,47.67875671386719,47.69752461259,47.631835177254814,47.67875671386719,5418900
2024-11-13 19:00:00-05:00,47.725675259546186,47.725675259546186,47.67875730196576,47.71628952026367,4944600
2024-11-14 19:00:00-05:00,47.75382455749785,47.76321029663086,47.72567449932014,47.76321029663086,5672300
2024-11-17 19:00:00-05:00,47.791361116080914,47.791361116080914,47.70690736059187,47.71628952026367,4451600
2024-11-18 19:00:00-05:00,47.744443158500495,47.744443158500495,47.70690736059187,47.71628952026367,6276700
2024-11-19 19:00:00-05:00,47.75382572992668,47.75382572992668,47.70690777194172,47.73505783081055,3345600
2024-11-20 19:00:00-05:00,47.81012884227594,47.81012884227594,47.78197520414085,47.800743103027344,3316700
2024-11-21 19:00:00-05:00,47.83828154370115,47.84766728346828,47.8195136437778,47.82889938354492,3374300
2024-11-24 19:00:00-05:00,47.83827890080033,47.83827890080033,47.79136094338944,47.800743103027344,3070000
2024-11-25 19:00:00-05:00,47.81012884227594,47.81012884227594,47.79136094338944,47.800743103027344,9305500
2024-11-26 19:00:00-05:00,47.81012543990673,47.81950759887695,47.80073970132606,47.81950759887695,4952400
2024-11-28 19:00:00-05:00,47.81012543990673,47.83827549642785,47.81012543990673,47.81950759887695,3249700
2024-12-01 19:00:00-05:00,47.85819331338734,47.85819331338734,47.81101161662689,47.82988357543945,7875500
2024-12-02 19:00:00-05:00,47.86764394781817,47.90538787841797,47.85820976489789,47.90538787841797,12819500
2024-12-03 19:00:00-05:00,47.90537283801027,47.91480701796859,47.89593505859375,47.89593505859375,3378000
2024-12-04 19:00:00-05:00,47.91480788589307,47.91480788589307,47.87706756591797,47.87706756591797,3987200
2024-12-05 19:00:00-05:00,47.90537708800222,47.91481126879751,47.886505126953125,47.886505126953125,4098100
2024-12-08 19:00:00-05:00,47.92424774169922,47.93368192223714,47.90537578116495,47.92424774169922,4450300
2024-12-09 19:00:00-05:00,47.93368148803711,47.94311926794797,47.91480952767378,47.93368148803711,3488200
2024-12-10 19:00:00-05:00,47.94311926794797,47.94406232604737,47.92424730758464,47.93368148803711,4833400
2024-12-11 19:00:00-05:00,47.93368192223714,47.95255388277142,47.91480996170287,47.92424774169922,4215600
2024-12-12 19:00:00-05:00,47.9619905751925,47.9619905751925,47.93556695147695,47.95255279541016,5166800
2024-12-15 19:00:00-05:00,48.00917838227642,48.00917838227642,47.98086863666404,47.99974060058594,4569500
2024-12-16 19:00:00-05:00,48.00917184018098,48.00917184018098,47.96199373653464,47.97142791748047,5147200
2024-12-17 19:00:00-05:00,47.99973154957955,47.99973154957955,47.92424730758464,47.93368148803711,4996500
2024-12-18 19:00:00-05:00,47.97142540876376,47.97142540876376,47.86763142649467,47.93368148803711,7384300
2024-12-19 19:00:00-05:00,47.97142791748047,47.97142791748047,47.914812033429705,47.97142791748047,4660400
2024-12-22 19:00:00-05:00,47.99228364011795,48.0112533569336,47.96383087394624,48.0112533569336,8004100
2024-12-23 19:00:00-05:00,48.03971404224449,48.03971404224449,48.02074432373047,48.02074432373047,2197400
2024-12-25 19:00:00-05:00,48.03972272810962,48.05868883194897,48.02075300616576,48.0492057800293,3708700
2024-12-26 19:00:00-05:00,48.05868655371688,48.08714294433594,48.04920350224675,48.08714294433594,3760500
2024-12-29 19:00:00-05:00,48.096622467041016,48.096622467041016,48.07765274738819,48.096622467041016,5854700
2024-12-30 19:00:00-05:00,48.096622467041016,48.10610913591947,48.087139416266645,48.096622467041016,3205600
2025-01-01 19:00:00-05:00,48.11559753897921,48.13456726074219,48.09662781721623,48.13456726074219,5559500
2025-01-02 19:00:00-05:00,48.1440500268858,48.1440500268858,48.12508392333984,48.12508392333984,5027300
2025-01-05 19:00:00-05:00,48.15353775024414,48.16302080222459,48.13456802817872,48.15353775024414,10670500
2025-01-06 19:00:00-05:00,48.1630165038197,48.1630165038197,48.134563732313154,48.14404678344727,4925100
2025-01-07 19:00:00-05:00,48.181989756097394,48.181989756097394,48.10611448714996,48.13456726074219,7883500
2025-01-09 19:00:00-05:00,48.16302156950999,48.181991291877615,48.14405184714236,48.172508239746094,7856500
2025-01-12 19:00:00-05:00,48.18198471747663,48.21044110619752,48.18198471747663,48.20095443725586,4417200
2025-01-13 19:00:00-05:00,48.210445404052734,48.21992845573569,48.19147568258241,48.210445404052734,6096500
2025-01-14 19:00:00-05:00,48.23889570246565,48.24837875366211,48.22940903316496,48.24837875366211,7072200
2025-01-15 19:00:00-05:00,48.276839442645446,48.276839442645446,48.22941332812702,48.25786972045898,5555400
2025-01-16 19:00:00-05:00,48.276833153759846,48.29579925537109,48.25786343404452,48.29579925537109,5280800
2025-01-20 19:00:00-05:00,48.3242564139339,48.3242564139339,48.28631697389877,48.31476974487305,4279200
2025-01-21 19:00:00-05:00,48.324256896972656,48.33373994802416,48.31477022781697,48.324256896972656,6422500
2025-01-22 19:00:00-05:00,48.34322738647461,48.34322738647461,48.305287945456506,48.34322738647461,7042600
2025-01-23 19:00:00-05:00,48.352707392570096,48.37167711188449,48.3432243419649,48.3621940612793,7316400
2025-01-26 19:00:00-05:00,48.352707392570096,48.37167711188449,48.3432243419649,48.3621940612793,4642400
2025-01-27 19:00:00-05:00,48.381156633897945,48.39064330191525,48.371673583984375,48.371673583984375,8462700
2025-01-28 19:00:00-05:00,48.3906435894604,48.40012663943032,48.36219082144689,48.38115692138672,16618000
2025-01-29 19:00:00-05:00,48.3906478881836,48.40013093899592,48.38116121926718,48.3906478881836,6610400
2025-01-30 19:00:00-05:00,48.40961456298828,48.41909761320414,48.39064484445272,48.40961456298828,5344000
2025-02-02 19:00:00-05:00,48.42486190547308,48.434387020129016,48.40581894169489,48.415340423583984,9145100
2025-02-03 19:00:00-05:00,48.44390850201811,48.44390850201811,48.40581894169489,48.415340423583984,6529700
2025-02-04 19:00:00-05:00,48.44390487350991,48.44390487350991,48.42485827839149,48.434383392333984,7184000
2025-02-05 19:00:00-05:00,48.462951656994186,48.462951656994186,48.4343835805888,48.45343017578125,5916400
2025-02-06 19:00:00-05:00,48.48199844047843,48.48199844047843,48.46295184521201,48.47247695922852,7904500
2025-02-09 19:00:00-05:00,48.50104885506707,48.50104885506707,48.47248077630108,48.48200225830078,4769000
2025-02-10 19:00:00-05:00,48.49628248498738,48.50104504199625,48.481998446727374,48.49151992797852,5066000
2025-02-11 19:00:00-05:00,48.50104103284791,48.50104103284791,48.43437977130044,48.46294784545898,7118400
2025-02-12 19:00:00-05:00,48.45343017578125,48.49151973339957,48.42485846660929,48.45343017578125,7073800
2025-02-13 19:00:00-05:00,48.48199825218664,48.49151973339957,48.45343017578125,48.45343017578125,6254700
2025-02-17 19:00:00-05:00,48.48199787839852,48.491519359538046,48.4153366121222,48.42485809326172,8745400
2025-02-18 19:00:00-05:00,48.4534299874524,48.462951468628326,48.415336797215566,48.434383392333984,7185900
2025-02-19 19:00:00-05:00,48.46295147182866,48.46295147182866,48.42485828158931,48.44390487670898,4466500
2025-02-20 19:00:00-05:00,48.4534299906521,48.46295147182866,48.42485828158931,48.44390487670898,4946500
2025-02-23 19:00:00-05:00,48.42485827839149,48.44390487350991,48.42485827839149,48.434383392333984,4040100
2025-02-24 19:00:00-05:00,48.4534341795348,48.49152374030049,48.44390906476821,48.48200225830078,6695300
2025-02-25 19:00:00-05:00,48.481998446727374,48.50104504199625,48.47247696547623,48.49151992797852,6959400
2025-02-26 19:00:00-05:00,48.52009545183336,48.52009545183336,48.47248077630108,48.48200225830078,7717000
2025-02-27 19:00:00-05:00,48.49152374030049,48.51057033706677,48.42486246800192,48.48200225830078,9704100
2025-03-02 19:00:00-05:00,48.509735272270845,48.52408102155277,48.46191124338287,48.47147750854492,8875300
2025-03-03 19:00:00-05:00,48.49060373351954,48.49060373351954,48.35670521627653,48.44278335571289,12813300
2025-03-04 19:00:00-05:00,48.49060157728224,48.50016419303396,48.4332149373895,48.46190643310547,8261300
2025-03-05 19:00:00-05:00,48.48103564074557,48.48103564074557,48.394957504555066,48.42365264892578,9343100
2025-03-06 19:00:00-05:00,48.46191323354868,48.46191323354868,48.414092851158046,48.45235061645508,7512500
2025-03-09 20:00:00-04:00,48.47147401803558,48.47147401803558,48.39495849609375,48.39495849609375,12202000
2025-03-10 20:00:00-04:00,48.39495683537216,48.40452309951706,48.366265339859005,48.37583160400391,13312700
2025-03-11 20:00:00-04:00,48.46190609054339,48.46190609054339,48.37583160400391,48.37583160400391,9341400
2025-03-12 20:00:00-04:00,48.38539653402162,48.39017966632285,48.27062689801864,48.28018951416016,8014100
2025-03-13 20:00:00-04:00,48.33758345767523,48.36627495889453,48.3280171916278,48.356712341308594,6771700
2025-03-16 20:00:00-04:00,48.366265339859005,48.37583160400391,48.33757384434585,48.37583160400391,5050800
2025-03-17 20:00:00-04:00,48.39496363836172,48.39496363836172,48.31845175675093,48.3280143737793,4583500
2025-03-18 20:00:00-04:00,48.32800972914645,48.32800972914645,48.28018935167788,48.31844711303711,17960200
2025-03-19 20:00:00-04:00,48.213244727132455,48.34714325629732,48.17498696209642,48.3280143737793,12980400
2025-03-20 20:00:00-04:00,48.33758047320843,48.36627197265625,48.28019382585152,48.36627197265625,7277000
2025-03-23 20:00:00-04:00,48.366273963806215,48.37584022965682,48.3088873140868,48.347145080566406,5863000
2025-03-24 20:00:00-04:00,48.37584122494196,48.37584122494196,48.23237642192248,48.356712341308594,8538300
2025-03-25 20:00:00-04:00,48.38540085510856,48.39496347210408,48.318451590756126,48.36627197265625,6602700
2025-03-26 20:00:00-04:00,48.35670339282882,48.442781529019314,48.33279138059669,48.42365264892578,6034100
2025-03-27 20:00:00-04:00,48.43321990966797,48.49060655545217,48.41409102773991,48.43321990966797,6419600
2025-03-30 20:00:00-04:00,48.44278485092494,48.54798822596234,48.38539820670911,48.50016784667969,6436300
2025-03-31 20:00:00-04:00,48.53668379124652,48.5559028751193,48.4982492891664,48.546295166015625,12342300
2025-04-01 20:00:00-04:00,48.54629667902462,48.55590438842773,48.50113201379924,48.55590438842773,7760100
2025-04-02 20:00:00-04:00,48.37332574989249,48.45019841760947,48.27723399882993,48.306060791015625,11541800
2025-04-03 20:00:00-04:00,48.15230815130366,48.19074631509024,47.88324833612762,48.07543182373047,22488900
2025-04-06 20:00:00-04:00,47.748713411039176,48.16191449588408,47.71027891400578,47.95051193237305,16201700
2025-04-07 20:00:00-04:00,48.18113581012965,48.373322966863135,48.14269764564993,48.219573974609375,14543500
2025-04-08 20:00:00-04:00,48.03699968658817,48.45019713777464,47.883250689550216,48.34449768066406,12391200
2025-04-09 20:00:00-04:00,48.28683837528683,48.33488424750236,47.83519911199769,47.84481048583984,11005400
2025-04-10 20:00:00-04:00,47.873637515784914,47.96492723941715,47.78715347909783,47.89285659790039,7528900
2025-04-13 20:00:00-04:00,48.046605033723054,48.11386998751706,47.98894778804317,48.07543182373047,4363100
2025-04-14 20:00:00-04:00,48.07543380153849,48.33488591927418,48.07543380153849,48.29644775390625,7044500
2025-04-15 20:00:00-04:00,48.306059915442496,48.31566762410848,48.23879495778485,48.2772331237793,7404700
2025-04-16 20:00:00-04:00,48.31566556137798,48.3637150996523,48.25801198051297,48.33488464355469,3307800
2025-04-20 20:00:00-04:00,48.23879583213876,48.33488758320133,48.221497557428144,48.306060791015625,5694800
2025-04-21 20:00:00-04:00,48.29644750361042,48.38773722946984,48.29644750361042,48.36371612548828,8072100
2025-04-22 20:00:00-04:00,48.38293329340113,48.44539623047715,48.376206797536426,48.42137145996094,9802400
2025-04-23 20:00:00-04:00,48.4405901418767,48.50785509996636,48.41176335002835,48.4886360168457,10860400
2025-04-24 20:00:00-04:00,48.46941565864893,48.53668061496908,48.46941565864893,48.52707290649414,3665200
2025-04-27 20:00:00-04:00,48.49824381646593,48.53667831420898,48.49824381646593,48.53667831420898,3351200
2025-04-28 20:00:00-04:00,48.54148502708846,48.57511750436517,48.52707163192203,48.56550979614258,5088600
2025-04-29 20:00:00-04:00,48.536679340144616,48.56550979614258,48.455000990424764,48.56550979614258,5246600
2025-04-30 20:00:00-04:00,48.609929579988986,48.68717824764664,48.55199031654961,48.648555755615234,8008900
2025-05-01 20:00:00-04:00,48.70648926590789,48.7547738251865,48.69683456420898,48.69683456420898,6086400
2025-05-04 20:00:00-04:00,48.69684054757733,48.77408922144418,48.678492560140825,48.75477981567383,10718900
2025-05-05 20:00:00-04:00,48.7451154398929,48.7547738251865,48.68717617891538,48.69683456420898,8812500
2025-05-06 20:00:00-04:00,48.7451171875,48.764430275184914,48.706491012130165,48.7451171875,3884700
2025-05-07 20:00:00-04:00,48.79340231080968,48.81271540017518,48.75477981567383,48.75477981567383,4155900
2025-05-08 20:00:00-04:00,48.764434518559,48.79340231080968,48.7064952504625,48.75477981567383,6220600
2025-05-11 20:00:00-04:00,48.83203052791582,48.83203052791582,48.774091257400784,48.81271743774414,4243900
2025-05-12 20:00:00-04:00,48.86099377830939,48.87065216429485,48.793399810791016,48.793399810791016,5636100
2025-05-13 20:00:00-04:00,48.832027435302734,48.880308315876576,48.80305964367745,48.832027435302734,5639700
2025-05-14 20:00:00-04:00,48.82237582462764,48.8513436180875,48.76443655411259,48.81271743774414,5221000
2025-05-15 20:00:00-04:00,48.832028158324086,48.86099595037828,48.81271506908959,48.851341247558594,4168300
2025-05-18 20:00:00-04:00,48.83202713914162,48.860994930591225,48.80305934769202,48.82237243652344,3695100
2025-05-19 20:00:00-04:00,48.81271096087104,48.87065022369821,48.80788176807007,48.84168243408203,2477000
2025-05-20 20:00:00-04:00,48.79339787326197,48.87065022369821,48.79339787326197,48.84168243408203,6854000
2025-05-21 20:00:00-04:00,48.899615515821885,48.899615515821885,48.84167993954852,48.88030242919922,3924800
2025-05-22 20:00:00-04:00,48.86099006763656,48.89961624145508,48.85133536597928,48.89961624145508,3838400
2025-05-26 20:00:00-04:00,48.93824168906722,48.93824168906722,48.86098934257656,48.88030242919922,5847500
2025-05-27 20:00:00-04:00,48.88030798693857,48.947901956006085,48.88030798693857,48.9285888671875,4996100
2025-05-28 20:00:00-04:00,48.94789856791028,48.95755695344856,48.92858548042853,48.9382438659668,5575600
2025-05-29 20:00:00-04:00,48.957551800294056,49.00583267211914,48.94016891831172,49.00583267211914,4102700
2025-06-01 20:00:00-04:00,49.02523399905807,49.07372508379918,49.01553726196289,49.01553726196289,5677800
2025-06-02 20:00:00-04:00,49.01553804662392,49.05433239489089,49.01553804662392,49.04463195800781,5090900
2025-06-03 20:00:00-04:00,49.04463555021649,49.073729463731325,49.02523837466228,49.03493881225586,6765200
2025-06-04 20:00:00-04:00,49.05433868562467,49.05433868562467,48.98644671763465,48.99614715576172,2860500
2025-06-05 20:00:00-04:00,49.07372620778884,49.07372620778884,48.99614121035256,49.0543327331543,6307200
2025-06-08 20:00:00-04:00,49.064029916647286,49.102824265534565,49.05433317924184,49.073726654052734,2717100
2025-06-09 20:00:00-04:00,49.07372430209211,49.12221908569336,49.0640275651514,49.12221908569336,6097300
2025-06-10 20:00:00-04:00,49.12221874705328,49.14161222080101,49.09797135541981,49.11251831054688,5262200
2025-06-11 20:00:00-04:00,49.11252268573158,49.1513170359481,49.11252268573158,49.13191986083984,3954800
2025-06-12 20:00:00-04:00,48.61790367322735,49.151312996148064,48.61790367322735,49.12221908569336,2061600
2025-06-15 20:00:00-04:00,49.151312996148064,49.161009733088775,49.10282191217937,49.12221908569336,3337900
2025-06-16 20:00:00-04:00,49.161009733088775,49.19010734317604,49.12221908569336,49.12221908569336,4327800
2025-06-17 20:00:00-04:00,49.13191907717683,49.17071342677458,49.10282516479492,49.10282516479492,5932500
2025-06-19 20:00:00-04:00,49.14161255957479,49.17071016966205,49.12221908569336,49.12221908569336,2956500
2025-06-22 20:00:00-04:00,49.16101164171274,49.19010925292969,49.14161446744568,49.19010925292969,3645800
2025-06-23 20:00:00-04:00,49.18041206999001,49.22890315904972,49.054335978361365,49.17071533203125,6019300
2025-06-24 20:00:00-04:00,49.2192052990106,49.2192052990106,49.12222312310215,49.13191986083984,3835700
2025-06-25 20:00:00-04:00,49.17071207866263,49.19980599024687,49.16101164171274,49.19010925292969,4758900
2025-06-26 20:00:00-04:00,49.20950721150288,49.24829786102256,49.19011003692667,49.21920394897461,6493500
2025-06-29 20:00:00-04:00,49.20950721150288,49.25799829812704,49.20950721150288,49.21920394897461,4624800
2025-06-30 20:00:00-04:00,49.2513497913716,49.28836447812708,49.21238422513146,49.26108932495117,6339200
2025-07-01 20:00:00-04:00,49.27083100661345,49.28057053988309,49.22212219238281,49.22212219238281,4914900
2025-07-02 20:00:00-04:00,49.28057653685511,49.28057653685511,49.2513542175293,49.2513542175293,2020800
2025-07-06 20:00:00-04:00,49.27083587646485,49.29031494492941,49.2513530920391,49.27083587646485,5152000
2025-07-07 20:00:00-04:00,49.309797729355154,49.309797729355154,49.27083587646485,49.27083587646485,4837900
2025-07-08 20:00:00-04:00,49.3000520319267,49.33901759590694,49.25134693493175,49.309791564941406,7247000
2025-07-09 20:00:00-04:00,49.300052642822266,49.3292749581892,49.300052642822266,49.300052642822266,5314700
2025-07-10 20:00:00-04:00,49.309791564941406,49.33414597141923,49.3000520319267,49.309791564941406,4756500
2025-07-13 20:00:00-04:00,49.309796943976174,49.358502046284194,49.309796943976174,49.34876251220703,4864500
2025-07-14 20:00:00-04:00,49.36824260468061,49.36824260468061,49.31953750502807,49.32927703857422,4560300
2025-07-15 20:00:00-04:00,49.35849935517356,49.35849935517356,49.32927703857422,49.32927703857422,7497500
2025-07-16 20:00:00-04:00,49.35849935517356,49.36337097992708,49.32927703857422,49.32927703857422,4074300
2025-07-17 20:00:00-04:00,49.37798162513125,49.43642997368349,49.33901977539063,49.33901977539063,3536900
2025-07-20 20:00:00-04:00,49.37798370499775,49.38772695481397,49.35850092132637,49.36824417114258,3775100
2025-07-21 20:00:00-04:00,49.38772521868446,49.39746475219727,49.36824243569795,49.39746475219727,4903100
2025-07-22 20:00:00-04:00,49.37798370499775,49.40720973848535,49.36824417114258,49.36824417114258,4633200
2025-07-23 20:00:00-04:00,49.35849918622425,49.407208001670966,49.35849918622425,49.39746475219727,5414400
2025-07-24 20:00:00-04:00,49.39746744178277,49.43643300987738,49.39746744178277,49.41695022583008,2385300
2025-07-27 20:00:00-04:00,49.42669235094419,49.44617141858707,49.42669235094419,49.436431884765625,4219800
2025-07-28 20:00:00-04:00,49.44617298302294,49.48513855146358,49.42669391476375,49.475399017333984,3769000
2025-07-29 20:00:00-04:00,49.48513967741325,49.48513967741325,49.45591735839844,49.45591735839844,4797000
2025-07-30 20:00:00-04:00,49.46565576724326,49.5046213356839,49.45591623311367,49.475399017333984,13109900
2025-07-31 20:00:00-04:00,49.480289430131016,49.49985130539274,49.44115821609164,49.47050476074219,6537100
2025-08-03 20:00:00-04:00,49.470500899610485,49.58789080080848,49.462675403764976,49.5096321105957,5592700
2025-08-04 20:00:00-04:00,49.5292053201277,49.5292053201277,49.49985504150391,49.49985504150391,5024000
2025-08-05 20:00:00-04:00,49.519413047463175,49.54876332158093,49.49984744197056,49.5096321105957,3735800
2025-08-06 20:00:00-04:00,49.52919771608831,49.52919771608831,49.5096321105957,49.5096321105957,6701100
2025-08-07 20:00:00-04:00,49.519412994384766,49.543870934163735,49.50963205752778,49.519412994384766,6338600
2025-08-10 20:00:00-04:00,49.52920150756836,49.56832898979113,49.509635900578,49.52920150756836,5093900
2025-08-11 20:00:00-04:00,49.52920137530359,49.56832885742188,49.52920137530359,49.56832885742188,8295700
2025-08-12 20:00:00-04:00,49.578113605295634,49.58789454290121,49.53409005667566,49.53898239135742,5906800
2025-08-13 20:00:00-04:00,49.56832886189479,49.60746007577456,49.55854792430383,49.5976791381836,3873500
2025-08-14 20:00:00-04:00,49.59767527720355,49.63680648803711,49.59767527720355,49.63680648803711,2866100
2025-08-17 20:00:00-04:00,49.646587418103614,49.646587418103614,49.60745620727539,49.60745620727539,2053400
2025-08-18 20:00:00-04:00,49.62702568271444,49.63681035206336,49.58789446883468,49.5976791381836,5733200
2025-08-19 20:00:00-04:00,49.62212948515628,49.64658742486667,49.61724088262033,49.63680648803711,9067200
2025-08-20 20:00:00-04:00,49.64659118652344,49.68572240032192,49.63681024895279,49.64659118652344,9644300
2025-08-21 20:00:00-04:00,49.67593770636463,49.67593770636463,49.63778794492428,49.66615676879883,7133600
2025-08-24 20:00:00-04:00,49.67593770636463,49.67593770636463,49.656372099475085,49.66615676879883,4414300
2025-08-25 20:00:00-04:00,49.666156715032685,49.68572232190104,49.666156715032685,49.67593765258789,7147200
2025-08-26 20:00:00-04:00,49.68572235107422,49.72485356483392,49.68572235107422,49.68572235107422,13951700
2025-08-27 20:00:00-04:00,49.71506889551502,49.73463450239486,49.68572235107422,49.68572235107422,5383000
2025-08-28 20:00:00-04:00,49.705287879593136,49.7444153615332,49.705287879593136,49.71506881713867,6216200
2025-09-01 20:00:00-04:00,49.76714290058714,49.76714290058714,49.708187385703695,49.73766326904297,7552400
2025-09-02 20:00:00-04:00,49.74749635796217,49.76714819834861,49.727844517575726,49.757320404052734,3164800
2025-09-03 20:00:00-04:00,49.75731510733745,49.76714290058714,49.727839223998174,49.73766326904297,4561700
2025-09-04 20:00:00-04:00,49.76714410112107,49.77696814640285,49.71801263009722,49.727840423583984,5290400
2025-09-07 20:00:00-04:00,49.77696990966797,49.78679395529775,49.74749402457351,49.77696990966797,6131200
2025-09-08 20:00:00-04:00,49.7769663777392,49.80644226074219,49.767142332806486,49.80644226074219,6034500
2025-09-09 20:00:00-04:00,49.82610025081758,49.82610025081758,49.78679656982422,49.78679656982422,4577100
2025-09-10 20:00:00-04:00,49.78679395529775,49.81627358859732,49.77696990966797,49.77696990966797,5348100
2025-09-11 20:00:00-04:00,49.80644317817132,49.80644317817132,49.76714324951172,49.76714324951172,3161900
2025-09-14 20:00:00-04:00,49.79170431924069,49.82609409881246,49.767142332806486,49.80644226074219,3306800
2025-09-15 20:00:00-04:00,49.835928045168586,49.835928045168586,49.78679656982422,49.78679656982422,5808500
2025-09-16 20:00:00-04:00,49.7966194152832,49.826095298996194,49.7966194152832,49.7966194152832,3846700
2025-09-17 20:00:00-04:00,49.81627153582973,49.845747419709575,49.81627153582973,49.82609558105469,4626000
2025-09-18 20:00:00-04:00,49.83592866979564,49.85558051053863,49.83592866979564,49.84575271606445,2845000
2025-09-21 20:00:00-04:00,49.85557817587093,49.87522626748845,49.85557817587093,49.86540222167969,4974200
2025-09-22 20:00:00-04:00,49.86540222167969,49.89487810731118,49.86540222167969,49.86540222167969,10814800
2025-09-23 20:00:00-04:00,49.89487810731118,49.89487810731118,49.86540222167969,49.86540222167969,4129800
2025-09-24 20:00:00-04:00,49.89487810731118,49.89487810731118,49.86540222167969,49.86540222167969,5938800
2025-09-25 20:00:00-04:00,49.904707382398136,49.904707382398136,49.88505554199219,49.88505554199219,4795900
2025-09-28 20:00:00-04:00,49.90470618152031,49.91453022738423,49.89487838745117,49.89487838745117,5486300
2025-09-29 20:00:00-04:00,49.89487838745117,49.92435802145337,49.89487838745117,49.89487838745117,4647600
2025-09-30 20:00:00-04:00,49.95114084560857,49.95114084560857,49.92153260155042,49.94126892089844,5736700
2025-10-01 20:00:00-04:00,49.931400299072266,49.9511403832737,49.931400299072266,49.931400299072266,7139100
2025-10-02 20:00:00-04:00,49.96100900528258,49.99062101437685,49.92153260155042,49.94126892089844,6350100
2025-10-05 20:00:00-04:00,49.961008542856376,49.961008542856376,49.931400299072266,49.931400299072266,4196500
2025-10-06 20:00:00-04:00,49.990618171961344,49.990618171961344,49.94126608128904,49.96100616455078,4210600
2025-10-07 20:00:00-04:00,49.96100616455078,49.98074624781252,49.95113800543786,49.96100616455078,5017300
2025-10-08 20:00:00-04:00,49.95113754272461,49.970877625803496,49.94126561866723,49.95113754272461,4134900
2025-10-09 20:00:00-04:00,49.99062242176975,49.99062242176975,49.89192199707031,49.89192199707031,7286000
2025-10-12 20:00:00-04:00,49.95113800543786,49.96100616455078,49.91165783891438,49.96100616455078,2205600
2025-10-13 20:00:00-04:00,49.961008542856376,49.97088046747513,49.931400299072266,49.931400299072266,4749900
2025-10-14 20:00:00-04:00,49.96100900528258,49.97088092999271,49.911660676840285,49.94126892089844,6244400
2025-10-15 20:00:00-04:00,49.93140365218873,49.97088382324286,49.91166356666166,49.92153549194336,5855100
2025-10-16 20:00:00-04:00,49.95113800543786,49.96100616455078,49.93139792217612,49.96100616455078,4660900
2025-10-19 20:00:00-04:00,49.96100616455078,49.98074624781252,49.95113800543786,49.96100616455078,6838900
2025-10-20 20:00:00-04:00,49.97087524965086,50.01035164889562,49.9610033260629,49.980743408203125,7037300
2025-10-21 20:00:00-04:00,50.00048349034336,50.01035164889562,49.97087524965086,49.980743408203125,3294000
2025-10-22 20:00:00-04:00,49.990620121752194,50.010356440747806,49.98074819721834,50.00048828125,6594000
2025-10-23 20:00:00-04:00,50.01035597823692,50.0152919404582,49.980747734981264,49.99061965942383,2574100
2025-10-26 20:00:00-04:00,50.01035601184063,50.06957626342773,50.000487852427455,50.06957626342773,7084800
2025-10-27 20:00:00-04:00,50.099188835179966,50.099188835179966,50.05971242908056,50.07945251464844,2975500
2025-10-28 20:00:00-04:00,50.099184043925625,50.099184043925625,50.04983571724355,50.05970764160156,6731200
2025-10-29 20:00:00-04:00,50.079446749843015,50.079446749843015,50.03996658325195,50.03996658325195,5265600
2025-10-30 20:00:00-04:00,50.04984050377845,50.10906076048207,50.04984050377845,50.07945251464844,9822200
2025-11-02 19:00:00-05:00,50.13099473881975,50.137933940627406,50.10125638295308,50.11116790771485,4231600
2025-11-03 19:00:00-05:00,50.14090913665387,50.14090913665387,50.10125547516254,50.1210823059082,8246000
2025-11-04 19:00:00-05:00,50.1309928894043,50.14090819538164,50.12108136500817,50.1309928894043,4130400
2025-11-05 19:00:00-05:00,50.15081971977776,50.15081971977776,50.12108136500817,50.1309928894043,5346100
2025-11-06 19:00:00-05:00,50.19047629031151,50.19047629031151,50.14091110229492,50.14091110229492,5001200
2025-11-09 19:00:00-05:00,50.16073136147993,50.17064666748047,50.15081983706064,50.17064666748047,4766500
2025-11-10 19:00:00-05:00,50.19047255679118,50.19047255679118,50.160730420928495,50.18055725097656,2767200
2025-11-11 19:00:00-05:00,50.2003850223196,50.2003850223196,50.17064666748047,50.17064666748047,3099500
2025-11-12 19:00:00-05:00,50.20038408102463,50.20038408102463,50.17064572674311,50.18055725097656,4548500
2025-11-13 19:00:00-05:00,50.19047164916992,50.20038317322413,50.1706448194804,50.19047164916992,4227500
2025-11-16 19:00:00-05:00,50.20038513953296,50.269777155373774,50.19047361509052,50.21030044555664,4102300
2025-11-17 19:00:00-05:00,50.24003683260318,50.24003683260318,50.19047164916992,50.19047164916992,6824300
2025-11-18 19:00:00-05:00,50.21029856440663,50.23012161254883,50.20038325875442,50.23012161254883,4494800
2025-11-19 19:00:00-05:00,50.249948442272135,50.249948442272135,50.23012161254883,50.23012161254883,4832500
2025-11-20 19:00:00-05:00,50.24995040893555,50.25986571497582,50.23012357843627,50.24995040893555,5459300
2025-11-23 19:00:00-05:00,50.2499513500841,50.25986665631008,50.23012451921348,50.24003982543945,5369300
2025-11-24 19:00:00-05:00,50.2499513500841,50.25986665631008,50.22517064768181,50.24003982543945,6110000
2025-11-25 19:00:00-05:00,50.26977633140889,50.279691637270055,50.230122671126594,50.259864807128906,3763000
2025-11-27 19:00:00-05:00,50.26977735646628,50.29951949307507,50.259865831984186,50.28960418701172,1572200
2025-11-30 19:00:00-05:00,50.29458030639021,50.314483642578125,50.26472340402172,50.314483642578125,5748400
2025-12-01 19:00:00-05:00,50.32443649659264,50.32443649659264,50.284629821777344,50.284629821777344,4824300
2025-12-02 19:00:00-05:00,50.30453213735835,50.32443547436171,50.29458236694336,50.29458236694336,5046300
2025-12-03 19:00:00-05:00,50.30453213735835,50.32443547436171,50.284628800354994,50.29458236694336,4425200
2025-12-04 19:00:00-05:00,50.33438904095007,50.33438904095007,50.27467902994,50.29458236694336,4830900
2025-12-07 19:00:00-05:00,50.33438728553901,50.33438728553901,50.25477394030211,50.27467727661133,14832400
2025-12-08 19:00:00-05:00,50.284627046679326,50.284627046679326,50.2647237103701,50.27467727661133,7990900
2025-12-09 19:00:00-05:00,50.29458236694336,50.31448570394672,50.284628800354994,50.29458236694336,22113300
2025-12-10 19:00:00-05:00,50.28462951317314,50.32443618774414,50.28462951317314,50.32443618774414,12963300
2025-12-11 19:00:00-05:00,50.33438873291016,50.344338503264254,50.31448539602861,50.33438873291016,3781100
2025-12-14 19:00:00-05:00,50.34434023784801,50.35429000854492,50.3244369002807,50.35429000854492,5420900
2025-12-15 19:00:00-05:00,50.35428898704247,50.37419232420601,50.33438944605233,50.36424255371094,3758500
2025-12-16 19:00:00-05:00,50.37419128417969,50.39409462093231,50.36424151389004,50.37419128417969,7130500
2025-12-17 19:00:00-05:00,50.38414454328634,50.41399765014648,50.38314994588077,50.41399765014648,5431800
2025-12-18 19:00:00-05:00,50.41399765014648,50.44385075700664,50.41399765014648,50.41399765014648,4110300
2025-12-21 19:00:00-05:00,50.45000076293945,50.45000076293945,50.43000030517578,50.43999862670898,5522000
2025-12-22 19:00:00-05:00,50.43999862670898,50.470001220703125,50.43999862670898,50.459999084472656,4366600
2025-12-23 19:00:00-05:00,50.47999954223633,50.5,50.47999954223633,50.4900016784668,2312400
2025-12-25 19:00:00-05:00,50.5,50.540000915527344,50.5,50.540000915527344,2494800
2025-12-28 19:00:00-05:00,50.54999923706055,50.54999923706055,50.52399826049805,50.54999923706055,3063400
2025-12-29 19:00:00-05:00,50.560001373291016,50.56999969482422,50.540000915527344,50.56999969482422,4852800
2025-12-30 19:00:00-05:00,50.58000183105469,50.59000015258789,50.56999969482422,50.58000183105469,3310900
2026-01-01 19:00:00-05:00,50.58000183105469,50.61000061035156,50.56999969482422,50.61000061035156,3652200
2026-01-04 19:00:00-05:00,50.61000061035156,50.61000061035156,50.560001373291016,50.59000015258789,5268100
2026-01-05 19:00:00-05:00,50.59999847412109,50.59999847412109,50.59000015258789,50.59999847412109,5250300
2026-01-06 19:00:00-05:00,50.61000061035156,50.630001068115234,50.59999847412109,50.630001068115234,7858200
2026-01-07 19:00:00-05:00,50.619998931884766,50.63999938964844,50.59999847412109,50.619998931884766,5652200
2026-01-08 19:00:00-05:00,50.650001525878906,50.65999984741211,50.630001068115234,50.63999938964844,5501800
2026-01-11 19:00:00-05:00,50.650001525878906,50.65999984741211,50.63999938964844,50.63999938964844,6888300
2026-01-12 19:00:00-05:00,50.65999984741211,50.68000030517578,50.650001525878906,50.65999984741211,6581700
2026-01-13 19:00:00-05:00,50.68000030517578,50.68999862670898,50.65999984741211,50.66999816894531,5458300
2026-01-14 19:00:00-05:00,50.68000030517578,50.68999862670898,50.68000030517578,50.68000030517578,5332200
2026-01-15 19:00:00-05:00,50.70000076293945,50.75,50.68999862670898,50.75,4715200
2026-01-19 19:00:00-05:00,50.7400016784668,50.7599983215332,50.72999954223633,50.75,5952700
2026-01-20 19:00:00-05:00,50.7599983215332,50.77000045776367,50.75,50.77000045776367,4319300
2026-01-21 19:00:00-05:00,50.77999877929688,50.77999877929688,50.75,50.7599983215332,4045700
2026-01-22 19:00:00-05:00,50.77999877929688,50.79999923706055,50.77999877929688,50.79999923706055,4629200
2026-01-23 00:00:00,50.779998779296875,50.79999923706055,50.779998779296875,50.79999923706055,4629200
