Price,Open,High,Low,Close,Volume
Ticker,GBTC,GBTC,GBTC,GBTC,GBTC
Date,,,,,
2021-01-25 19:00:00-05:00,28.762420654296875,29.503162384033203,28.04878044128418,28.443540573120117,10854356
2021-01-26 19:00:00-05:00,27.26287269592285,28.33785057067871,25.691057205200195,28.32971954345703,19099071
2021-01-27 19:00:00-05:00,28.753387451171875,30.605239868164062,28.527551651000977,30.392953872680664,12818949
2021-01-28 19:00:00-05:00,35.31165313720703,35.36585235595703,30.153568267822266,31.336946487426758,21386133
2021-01-31 19:00:00-05:00,30.749774932861328,31.038843154907227,29.629629135131836,30.668472290039062,10095729
2021-02-01 19:00:00-05:00,31.58988380432129,33.477867126464844,31.300813674926758,33.24300003051758,10962621
2021-02-02 19:00:00-05:00,34.101173400878906,34.59801483154297,33.739837646484375,34.38121032714844,11306234
2021-02-03 19:00:00-05:00,34.814815521240234,34.896114349365234,32.655826568603516,34.29087448120117,10620337
2021-02-04 19:00:00-05:00,35.140018463134766,35.230350494384766,33.88437271118164,34.21860885620117,8646445
2021-02-07 19:00:00-05:00,39.5302619934082,41.309844970703125,38.708221435546875,41.273712158203125,26749880
2021-02-08 19:00:00-05:00,42.411922454833984,44.29087448120117,42.366756439208984,43.27009963989258,15439440
2021-02-09 19:00:00-05:00,41.78861618041992,42.25835418701172,38.988258361816406,40.60523986816406,15707444
2021-02-10 19:00:00-05:00,43.63143539428711,44.44444274902344,42.691959381103516,43.360435485839844,13082747
2021-02-11 19:00:00-05:00,43.766937255859375,44.26377487182617,42.42999267578125,44.18247604370117,10843729
2021-02-15 19:00:00-05:00,45.33875274658203,47.10930252075195,44.30894470214844,45.44444274902344,14919150
2021-02-16 19:00:00-05:00,46.97380447387695,49.087623596191406,46.88346862792969,48.84372329711914,15795230
2021-02-17 19:00:00-05:00,48.410118103027344,49.756099700927734,46.531166076660156,47.78681182861328,16211683
2021-02-18 19:00:00-05:00,48.97018814086914,52.592594146728516,48.97018814086914,51.219512939453125,19929985
2021-02-21 19:00:00-05:00,46.75699996948242,49.855464935302734,44.42637634277344,48.32881546020508,21132630
2021-02-22 19:00:00-05:00,43.62240219116211,45.158084869384766,38.30171585083008,41.40921401977539,31990086
2021-02-23 19:00:00-05:00,43.62240219116211,44.67028045654297,41.94218444824219,43.721771240234375,14169600
2021-02-24 19:00:00-05:00,45.067752838134766,45.60975646972656,40.65040588378906,41.22583770751953,13727907
2021-02-25 19:00:00-05:00,39.4760627746582,41.192413330078125,36.85636901855469,39.024391174316406,24295883
2021-02-28 19:00:00-05:00,41.71635055541992,42.52032470703125,40.83107376098633,41.39114761352539,14291813
2021-03-01 19:00:00-05:00,42.592594146728516,42.682926177978516,39.65673065185547,39.855464935302734,7827929
2021-03-02 19:00:00-05:00,43.02619552612305,43.02619552612305,41.011741638183594,41.69828414916992,11389148
2021-03-03 19:00:00-05:00,41.002708435058594,42.56549072265625,35.971092224121094,37.398372650146484,18682175
2021-03-04 19:00:00-05:00,39.060523986816406,39.5934944152832,34.21860885620117,39.5663948059082,26142026
2021-03-07 19:00:00-05:00,40.243900299072266,41.490516662597656,39.5663948059082,41.011741638183594,12695740
2021-03-08 19:00:00-05:00,43.12556457519531,44.73351287841797,41.553749084472656,44.37217712402344,11371436
2021-03-09 19:00:00-05:00,46.196929931640625,47.01897048950195,45.30261993408203,45.5465202331543,13355291
2021-03-10 19:00:00-05:00,46.38663101196289,47.362239837646484,45.59169006347656,47.24480438232422,9831267
2021-03-11 19:00:00-05:00,45.79042434692383,46.92863464355469,44.4986457824707,45.167118072509766,10006284
2021-03-14 20:00:00-04:00,45.79945755004883,46.94670486450195,44.9412841796875,46.41373062133789,10968599
2021-03-15 20:00:00-04:00,45.72719192504883,45.84462356567383,44.5618782043457,45.0406494140625,6743069
2021-03-16 20:00:00-04:00,44.5618782043457,47.55194091796875,43.35139846801758,46.96477127075195,10179751
2021-03-17 20:00:00-04:00,47.08220291137695,48.780487060546875,45.87172317504883,45.898826599121094,11439074
2021-03-18 20:00:00-04:00,46.97380447387695,48.11201477050781,46.39566421508789,47.83649444580078,7163176
2021-03-21 20:00:00-04:00,46.94670486450195,47.83197784423828,44.5709114074707,44.71544647216797,7629223
2021-03-22 20:00:00-04:00,44.32701110839844,44.33604431152344,41.544715881347656,42.23125457763672,12729504
2021-03-23 20:00:00-04:00,44.39927673339844,44.5799446105957,40.207767486572266,40.65040588378906,15953088
2021-03-24 20:00:00-04:00,37.92231369018555,40.64137268066406,36.73893356323242,40.198734283447266,18171848
2021-03-25 20:00:00-04:00,40.73170852661133,42.03252029418945,40.4245719909668,41.94218444824219,9718132
2021-03-28 20:00:00-04:00,44.814815521240234,45.121952056884766,43.64046859741211,44.67028045654297,7241219
2021-03-29 20:00:00-04:00,46.07046127319336,46.46792984008789,44.70641326904297,45.907859802246094,7405719
2021-03-30 20:00:00-04:00,45.53749084472656,46.06142807006836,44.9503173828125,45.203250885009766,7239227
2021-03-31 20:00:00-04:00,45.30261993408203,45.953025817871094,45.30261993408203,45.948509216308594,7242215
2021-04-04 20:00:00-04:00,45.4381217956543,47.87714385986328,45.212284088134766,47.83197784423828,10940149
2021-04-05 20:00:00-04:00,47.642276763916016,48.32881546020508,45.4200553894043,45.72719192504883,7850180
2021-04-06 20:00:00-04:00,44.010841369628906,44.76061248779297,42.50225830078125,42.97199630737305,9536916
2021-04-07 20:00:00-04:00,44.25474166870117,44.9593505859375,44.146339416503906,44.30894470214844,4984157
2021-04-08 20:00:00-04:00,45.32971954345703,45.78139114379883,44.4896125793457,44.850948333740234,4983714
2021-04-11 20:00:00-04:00,46.96477127075195,47.380306243896484,45.0767822265625,46.77506637573242,9111828
2021-04-12 20:00:00-04:00,48.90695571899414,49.77416229248047,46.77506637573242,49.62059783935547,12856366
2021-04-13 20:00:00-04:00,50.108402252197266,50.37940216064453,45.61878967285156,46.522132873535156,17288240
2021-04-14 20:00:00-04:00,47.289974212646484,47.651309967041016,46.495033264160156,47.51580810546875,7675606
2021-04-15 20:00:00-04:00,45.70008850097656,46.85636901855469,44.905147552490234,46.40469741821289,7115907
2021-04-18 20:00:00-04:00,42.45709228515625,43.477867126464844,41.626014709472656,43.31526565551758,14313842
2021-04-19 20:00:00-04:00,43.14363098144531,43.396568298339844,40.948509216308594,42.46612548828125,8540394
2021-04-20 20:00:00-04:00,41.68925094604492,43.55013656616211,40.903343200683594,40.966575622558594,8001617
2021-04-21 20:00:00-04:00,40.65492248535156,40.885276794433594,37.262874603271484,37.326107025146484,17634067
2021-04-22 20:00:00-04:00,35.0496826171875,38.798553466796875,34.787715911865234,38.28816604614258,15170882
2021-04-25 20:00:00-04:00,40.71363830566406,41.71635055541992,40.5149040222168,41.47244644165039,8851461
2021-04-26 20:00:00-04:00,42.425472259521484,42.50225830078125,41.47244644165039,42.07316970825195,5720312
2021-04-27 20:00:00-04:00,42.330623626708984,42.366756439208984,40.66847229003906,41.73441696166992,4754786
2021-04-28 20:00:00-04:00,40.930442810058594,41.228546142578125,38.53658676147461,38.84372329711914,9526621
2021-04-29 20:00:00-04:00,40.22583770751953,42.384822845458984,40.207767486572266,42.321590423583984,8330618
2021-05-02 20:00:00-04:00,43.405601501464844,43.59530258178711,42.43902587890625,42.664859771728516,8463901
2021-05-03 20:00:00-04:00,41.12917709350586,41.13821029663086,38.82565689086914,40.063232421875,8980427
2021-05-04 20:00:00-04:00,41.10207748413086,42.592594146728516,40.4155387878418,41.607948303222656,9890824
2021-05-05 20:00:00-04:00,41.73441696166992,42.45709228515625,40.0,40.83559036254883,7354244
2021-05-06 20:00:00-04:00,41.69828414916992,43.64950180053711,41.553749084472656,42.348690032958984,8104126
2021-05-09 20:00:00-04:00,42.53839111328125,43.432701110839844,39.73802947998047,39.94580078125,9625144
2021-05-10 20:00:00-04:00,38.84372329711914,40.65040588378906,38.61788558959961,40.53839111328125,7739923
2021-05-11 20:00:00-04:00,39.819332122802734,40.984642028808594,36.99187088012695,37.91328048706055,13228429
2021-05-12 20:00:00-04:00,34.63414764404297,36.251129150390625,31.526649475097656,33.588077545166016,24234333
2021-05-13 20:00:00-04:00,35.23938751220703,36.585365295410156,35.23938751220703,35.61878967285156,9908646
2021-05-16 20:00:00-04:00,31.860885620117188,32.74616241455078,30.496837615966797,32.06865310668945,19852495
2021-05-17 20:00:00-04:00,31.63504981994629,31.797651290893555,30.713640213012695,31.05691146850586,11715602
2021-05-18 20:00:00-04:00,26.016260147094727,30.56910514831543,25.29358673095703,29.44896125793457,33669737
2021-05-19 20:00:00-04:00,31.95121955871582,32.47515869140625,28.92502212524414,29.855464935302734,14014067
2021-05-20 20:00:00-04:00,30.713640213012695,31.300813674926758,27.082204818725586,27.19060516357422,16561938
2021-05-23 20:00:00-04:00,28.301715850830078,30.27100372314453,27.976512908935547,29.914182662963867,13588868
2021-05-24 20:00:00-04:00,28.843721389770508,29.358627319335938,28.455284118652344,28.464317321777344,9526399
2021-05-25 20:00:00-04:00,30.0,30.036134719848633,28.87082290649414,28.952123641967773,7373506
2021-05-26 20:00:00-04:00,30.126468658447266,30.34326934814453,28.970190048217773,29.322492599487305,6422703
2021-05-27 20:00:00-04:00,28.04878044128418,28.455284118652344,27.19060516357422,27.29900550842285,10985868
2021-05-31 20:00:00-04:00,27.75971031188965,28.166215896606445,26.242095947265625,26.684734344482422,9493743
2021-06-01 20:00:00-04:00,27.868112564086914,28.437217712402344,27.597108840942383,28.093948364257812,6908123
2021-06-02 20:00:00-04:00,28.94308853149414,29.349592208862305,28.184282302856445,29.13279151916504,7638743
2021-06-03 20:00:00-04:00,27.868112564086914,28.419151306152344,27.344173431396484,27.913278579711914,7678041
2021-06-06 20:00:00-04:00,27.85004425048828,27.85004425048828,25.745256423950195,26.709123611450195,8971239
2021-06-07 20:00:00-04:00,24.932249069213867,25.0135498046875,23.414634704589844,24.7967472076416,19603199
2021-06-08 20:00:00-04:00,26.323396682739258,27.633243560791016,25.925926208496094,27.19060516357422,13497319
2021-06-09 20:00:00-04:00,27.976512908935547,28.554651260375977,27.23577117919922,27.46160888671875,8816037
2021-06-10 20:00:00-04:00,27.949413299560547,28.093948364257812,27.25383949279785,27.80487823486328,5161277
2021-06-13 20:00:00-04:00,30.28907012939453,30.939476013183594,29.394760131835938,29.882564544677734,10814837
2021-06-14 20:00:00-04:00,30.25745391845703,30.84010887145996,29.625112533569336,30.02168083190918,8168664
2021-06-15 20:00:00-04:00,29.498645782470703,29.575429916381836,28.003612518310547,28.952123641967773,8472535
2021-06-16 20:00:00-04:00,29.078590393066406,29.575429916381836,28.01264762878418,28.238481521606445,6796869
2021-06-17 20:00:00-04:00,27.868112564086914,27.868112564086914,26.766033172607422,26.91960334777832,8617774
2021-06-20 20:00:00-04:00,25.2664852142334,26.187894821166992,24.625112533569336,25.022584915161133,13408870
2021-06-21 20:00:00-04:00,23.459800720214844,25.916893005371094,21.680217742919922,25.30261993408203,25826753
2021-06-22 20:00:00-04:00,26.98283576965332,26.991870880126953,25.094850540161133,25.103883743286133,9698316
2021-06-23 20:00:00-04:00,25.83559226989746,27.100271224975586,25.745256423950195,26.747966766357422,8884450
2021-06-24 20:00:00-04:00,25.582656860351562,25.88075828552246,24.7515811920166,25.0045166015625,10134032
2021-06-27 20:00:00-04:00,26.287263870239258,26.91960334777832,25.989160537719727,26.42276382446289,9449020
2021-06-28 20:00:00-04:00,27.868112564086914,28.220415115356445,27.74164390563965,28.121047973632812,9177362
2021-06-29 20:00:00-04:00,26.847335815429688,26.991870880126953,26.242095947265625,26.92863655090332,7368967
2021-06-30 20:00:00-04:00,26.233062744140625,26.323396682739258,25.618789672851562,25.718156814575195,7583836
2021-07-01 20:00:00-04:00,26.061426162719727,26.242095947265625,25.663957595825195,25.81752586364746,7036978
2021-07-05 20:00:00-04:00,26.729900360107422,26.738933563232422,25.691057205200195,25.943992614746094,7032992
2021-07-06 20:00:00-04:00,26.269195556640625,27.100271224975586,25.763324737548828,25.971092224121094,6911112
2021-07-07 20:00:00-04:00,24.42637825012207,24.977415084838867,23.938573837280273,24.7515811920166,7954681
2021-07-08 20:00:00-04:00,24.823848724365234,25.2755184173584,24.814815521240234,24.977415084838867,4074535
2021-07-11 20:00:00-04:00,24.923215866088867,24.977415084838867,24.263776779174805,24.299909591674805,4598921
2021-07-12 20:00:00-04:00,24.200542449951172,24.48057746887207,23.775970458984375,23.848237991333008,5536439
2021-07-13 20:00:00-04:00,23.992773056030273,24.810298919677734,23.974706649780273,24.281843185424805,6330822
2021-07-14 20:00:00-04:00,23.703704833984375,23.89340591430664,22.592592239379883,23.05329704284668,9251310
2021-07-15 20:00:00-04:00,23.36043357849121,23.866304397583008,23.261066436767578,23.667570114135742,4866040
2021-07-18 20:00:00-04:00,22.606143951416016,22.899728775024414,22.31255531311035,22.80939483642578,7745458
2021-07-19 20:00:00-04:00,22.041553497314453,22.104787826538086,21.689250946044922,21.698284149169922,8532977
2021-07-20 20:00:00-04:00,23.01716423034668,24.525745391845703,22.953929901123047,23.514001846313477,8697367
2021-07-21 20:00:00-04:00,23.961156845092773,24.561878204345703,23.89340591430664,24.43541145324707,7106940
2021-07-22 20:00:00-04:00,24.579946517944336,24.814815521240234,24.317977905273438,24.561878204345703,5459613
2021-07-25 20:00:00-04:00,28.482385635375977,31.011743545532227,28.33785057067871,30.52393913269043,18466753
2021-07-26 20:00:00-04:00,29.44896125793457,30.009033203125,28.780487060546875,29.810298919677734,10804763
2021-07-27 20:00:00-04:00,31.11111068725586,32.06865310668945,30.34326934814453,31.779584884643555,11296160
2021-07-28 20:00:00-04:00,31.517614364624023,31.761518478393555,30.668472290039062,30.84914207458496,7609518
2021-07-29 20:00:00-04:00,30.397470474243164,31.39114761352539,30.099367141723633,31.37759780883789,5476218
2021-08-01 20:00:00-04:00,31.201444625854492,31.38211441040039,30.30713653564453,30.30713653564453,6086840
2021-08-02 20:00:00-04:00,29.98193359375,30.2393856048584,28.744354248046875,28.789520263671875,6558200
2021-08-03 20:00:00-04:00,29.850948333740234,30.2168025970459,29.71996307373047,29.936765670776367,20324299
2021-08-04 20:00:00-04:00,28.62240219116211,31.11111068725586,28.56368637084961,30.460704803466797,6657941
2021-08-05 20:00:00-04:00,30.84914207458496,32.75519561767578,30.52393913269043,32.52935791015625,7848298
2021-08-08 20:00:00-04:00,34.21860885620117,35.094852447509766,33.95663833618164,34.823848724365234,9078618
2021-08-09 20:00:00-04:00,34.905147552490234,35.70912551879883,33.18880081176758,34.146339416503906,6680856
2021-08-10 20:00:00-04:00,34.72447967529297,35.4742546081543,34.71544647216797,35.112918853759766,6163776
2021-08-11 20:00:00-04:00,33.785003662109375,36.00722885131836,32.81842803955078,33.30623245239258,5171018
2021-08-12 20:00:00-04:00,34.954833984375,35.176151275634766,34.4715461730957,34.66124725341797,4635341
2021-08-15 20:00:00-04:00,34.9683837890625,35.121952056884766,34.101173400878906,34.27280807495117,4475933
2021-08-16 20:00:00-04:00,34.4534797668457,34.5076789855957,32.92683029174805,33.07136535644531,5528690
2021-08-17 20:00:00-04:00,32.97199630737305,33.423667907714844,31.860885620117188,31.91508674621582,6103777
2021-08-18 20:00:00-04:00,31.332429885864258,34.101173400878906,31.237579345703125,33.86630630493164,7171035
2021-08-19 20:00:00-04:00,34.5121955871582,35.84462356567383,34.5076789855957,35.75429153442383,8122834
2021-08-22 20:00:00-04:00,36.78409957885742,37.19963836669922,35.907859802246094,36.00722885131836,7027015
2021-08-23 20:00:00-04:00,35.81752395629883,36.92863464355469,34.73351287841797,35.31165313720703,5858687
2021-08-24 20:00:00-04:00,34.783199310302734,35.81752395629883,34.44444274902344,35.33875274658203,5174339
2021-08-25 20:00:00-04:00,34.14182662963867,34.42637634277344,33.378501892089844,34.16440963745117,4686152
2021-08-26 20:00:00-04:00,34.19150924682617,35.66395568847656,34.16440963745117,35.36585235595703,5097292
2021-08-29 20:00:00-04:00,34.75157928466797,35.3929557800293,34.62511444091797,35.140018463134766,3409560
2021-08-30 20:00:00-04:00,34.68834686279297,35.158084869384766,33.85727310180664,34.119239807128906,4116047
2021-08-31 20:00:00-04:00,34.39927673339844,35.230350494384766,34.092140197753906,34.5438117980957,6583772
2021-09-01 20:00:00-04:00,36.03432846069336,36.44986343383789,35.167118072509766,35.29358673095703,7253507
2021-09-02 20:00:00-04:00,36.540199279785156,36.97380447387695,36.13369369506836,36.79313659667969,5986988
2021-09-06 20:00:00-04:00,37.317073822021484,37.73261260986328,32.15898895263672,34.15537643432617,14132073
2021-09-07 20:00:00-04:00,33.87533950805664,34.22764205932617,33.08943176269531,33.89340591430664,5157845
2021-09-08 20:00:00-04:00,34.29991149902344,35.55104064941406,33.685638427734375,33.83017349243164,3931400
2021-09-09 20:00:00-04:00,33.59530258178711,33.730804443359375,32.339656829833984,33.24300003051758,5424521
2021-09-12 20:00:00-04:00,32.673892974853516,33.92050552368164,31.264678955078125,32.276424407958984,6166433
2021-09-13 20:00:00-04:00,33.61788558959961,33.88437271118164,33.16169738769531,33.25203323364258,4274681
2021-09-14 20:00:00-04:00,34.137306213378906,35.103885650634766,34.119239807128906,35.05419921875,4919176
2021-09-15 20:00:00-04:00,35.0135498046875,35.0135498046875,33.99277114868164,34.32701110839844,3711992
2021-09-16 20:00:00-04:00,33.96567153930664,34.42637634277344,33.66756820678711,34.056007385253906,2778681
2021-09-19 20:00:00-04:00,31.029809951782227,31.779584884643555,30.50587272644043,31.214994430541992,9586288
2021-09-20 20:00:00-04:00,30.713640213012695,31.07497787475586,29.71996307373047,29.972900390625,6106655
2021-09-21 20:00:00-04:00,30.198734283447266,31.860885620117188,30.135501861572266,31.508581161499023,6126581
2021-09-22 20:00:00-04:00,31.445348739624023,32.52032470703125,31.42728042602539,32.42095947265625,4055605
2021-09-23 20:00:00-04:00,29.7922306060791,31.09304428100586,29.71996307373047,30.921409606933594,7439815
2021-09-26 20:00:00-04:00,31.567298889160156,31.61698341369629,30.56910514831543,30.87624168395996,4053945
2021-09-27 20:00:00-04:00,30.29810333251953,30.361337661743164,29.304426193237305,29.566396713256836,5696622
2021-09-28 20:00:00-04:00,29.7560977935791,29.936765670776367,28.997289657592773,29.015356063842773,3788597
2021-09-29 20:00:00-04:00,30.758808135986328,31.11111068725586,30.072267532348633,30.57813835144043,5699943
2021-09-30 20:00:00-04:00,33.51400375366211,33.84823989868164,33.02619552612305,33.59530258178711,9505698
2021-10-03 20:00:00-04:00,33.423667907714844,35.36585235595703,32.52032470703125,35.34778594970703,9656693
2021-10-04 20:00:00-04:00,35.55555725097656,36.540199279785156,35.4110221862793,36.531166076660156,7877633
2021-10-05 20:00:00-04:00,38.482383728027344,38.771453857421875,37.73261260986328,38.64498519897461,10825021
2021-10-06 20:00:00-04:00,38.00361251831055,38.61788558959961,37.398372650146484,37.53387451171875,7462176
2021-10-07 20:00:00-04:00,38.428184509277344,38.61788558959961,37.92231369018555,38.24751663208008,5425518
2021-10-10 20:00:00-04:00,39.65673065185547,40.4878044128418,39.5212287902832,40.0316162109375,8561981
2021-10-11 20:00:00-04:00,40.081302642822266,40.081302642822266,38.21138381958008,38.34688186645508,8479177
2021-10-12 20:00:00-04:00,38.27461624145508,40.4245719909668,37.95844650268555,40.33423614501953,8154605
2021-10-13 20:00:00-04:00,40.5329704284668,41.04787826538086,40.27100372314453,40.56910705566406,8157372
2021-10-14 20:00:00-04:00,42.25835418701172,43.55916976928711,41.85185241699219,42.82746124267578,12884041
2021-10-17 20:00:00-04:00,42.55645751953125,43.63143539428711,40.63233947753906,41.237579345703125,11222766
2021-10-18 20:00:00-04:00,42.45709228515625,44.12827682495117,41.598915100097656,44.101173400878906,16988465
2021-10-19 20:00:00-04:00,44.28184127807617,47.588077545166016,44.25474166870117,46.74796676635742,15147856
2021-10-20 20:00:00-04:00,46.38663101196289,46.82023620605469,43.99277114868164,44.23667526245117,12657106
2021-10-21 20:00:00-04:00,44.878047943115234,44.9864501953125,42.276424407958984,44.037940979003906,10125286
2021-10-24 20:00:00-04:00,45.63685607910156,46.513099670410156,45.5284538269043,45.971092224121094,8288663
2021-10-25 20:00:00-04:00,45.898826599121094,46.42095947265625,44.41734313964844,44.65221405029297,6560082
2021-10-26 20:00:00-04:00,42.15898895263672,43.10749816894531,41.70731735229492,42.18608856201172,9249206
2021-10-27 20:00:00-04:00,43.99277114868164,44.26377487182617,41.84281921386719,43.97922134399414,5716105
2021-10-28 20:00:00-04:00,43.86630630493164,45.167118072509766,43.56820297241211,44.887081146240234,5194155
2021-10-31 20:00:00-04:00,44.5167121887207,44.75157928466797,43.89340591430664,44.4805793762207,4550988
2021-11-01 20:00:00-04:00,45.73622512817383,46.07046127319336,45.221317291259766,45.58265686035156,7930769
2021-11-02 20:00:00-04:00,44.859981536865234,45.60072326660156,43.983741760253906,45.27552032470703,5508321
2021-11-03 20:00:00-04:00,44.71544647216797,45.167118072509766,43.721771240234375,44.146339416503906,4496081
2021-11-04 20:00:00-04:00,44.5392951965332,44.769649505615234,43.67660140991211,43.87533950805664,3413767
2021-11-07 19:00:00-05:00,46.95573425292969,47.74164581298828,46.576332092285156,47.24480438232422,8622423
2021-11-08 19:00:00-05:00,48.55013656616211,48.85275650024414,47.20867156982422,48.31978225708008,7474464
2021-11-09 19:00:00-05:00,48.771453857421875,49.72899627685547,47.81391143798828,48.25654983520508,11249002
2021-11-10 19:00:00-05:00,47.628726959228516,48.735321044921875,47.09123611450195,47.14543914794922,6892293
2021-11-11 19:00:00-05:00,46.69376754760742,46.70460510253906,45.4200553894043,46.495033264160156,6980078
2021-11-14 19:00:00-05:00,47.14543914794922,47.87714385986328,45.889793395996094,46.233062744140625,4220659
2021-11-15 19:00:00-05:00,44.101173400878906,44.69738006591797,42.348690032958984,42.52032470703125,9662782
2021-11-16 19:00:00-05:00,42.90876388549805,43.757904052734375,42.348690032958984,43.703704833984375,5287696
2021-11-17 19:00:00-05:00,42.691959381103516,42.86359405517578,40.65040588378906,41.98735427856445,8839063
2021-11-18 19:00:00-05:00,41.89250183105469,42.89973068237305,41.68021774291992,42.58355712890625,5592564
2021-11-21 19:00:00-05:00,42.81842803955078,42.81842803955078,40.69557571411133,40.78590774536133,4934120
2021-11-22 19:00:00-05:00,41.517616271972656,42.45709228515625,41.282745361328125,42.348690032958984,4040771
2021-11-23 19:00:00-05:00,41.219512939453125,43.09846496582031,40.78590774536133,41.93315124511719,3384431
2021-11-25 19:00:00-05:00,40.0,40.3974723815918,39.4850959777832,40.045166015625,5032311
2021-11-28 19:00:00-05:00,41.99187088012695,43.17073059082031,41.553749084472656,42.619693756103516,5141572
2021-11-29 19:00:00-05:00,42.86359405517578,43.66756820678711,41.08401107788086,41.75248336791992,6025069
2021-11-30 19:00:00-05:00,42.50225830078125,43.27009963989258,40.4426383972168,40.5329704284668,5635516
2021-12-01 19:00:00-05:00,40.27100372314453,41.255645751953125,39.819332122802734,41.002708435058594,5222826
2021-12-02 19:00:00-05:00,40.70008850097656,40.81300735473633,36.594398498535156,37.80487823486328,10869522
2021-12-05 19:00:00-05:00,34.37217712402344,35.3839225769043,33.14363098144531,34.68834686279297,11224648
2021-12-06 19:00:00-05:00,36.495033264160156,37.57904052734375,35.916893005371094,36.224029541015625,8619323
2021-12-07 19:00:00-05:00,35.853660583496094,37.04607009887695,35.81752395629883,36.43179702758789,4525527
2021-12-08 19:00:00-05:00,35.37488555908203,35.5013542175293,33.432701110839844,33.51400375366211,6818899
2021-12-09 19:00:00-05:00,35.0045166015625,35.112918853759766,32.92683029174805,33.67660140991211,5681345
2021-12-12 19:00:00-05:00,33.360435485839844,33.477867126464844,31.264678955078125,31.98735237121582,8296522
2021-12-13 19:00:00-05:00,32.13188934326172,33.19783020019531,31.842817306518555,33.15266418457031,4930135
2021-12-14 19:00:00-05:00,32.99909591674805,34.26377487182617,31.95121955871582,34.019874572753906,8089403
2021-12-15 19:00:00-05:00,33.97470474243164,34.001808166503906,32.22222137451172,32.80036163330078,4674418
2021-12-16 19:00:00-05:00,31.481481552124023,32.294490814208984,30.641372680664062,31.09304428100586,6309236
2021-12-19 19:00:00-05:00,30.55103874206543,31.165311813354492,29.990966796875,31.13821029663086,6169865
2021-12-20 19:00:00-05:00,32.339656829833984,33.06233215332031,32.24932098388672,32.99909591674805,5449872
2021-12-21 19:00:00-05:00,33.06233215332031,33.766937255859375,32.682926177978516,33.423667907714844,4102985
2021-12-22 19:00:00-05:00,33.18880081176758,35.5284538269043,32.92683029174805,35.35230255126953,6100677
2021-12-26 19:00:00-05:00,35.59169006347656,36.07949447631836,35.23938751220703,35.4923210144043,5372492
2021-12-27 19:00:00-05:00,33.96567153930664,34.046974182128906,32.348690032958984,32.814815521240234,6492887
2021-12-28 19:00:00-05:00,32.389339447021484,33.00812911987305,31.824752807617188,31.94218635559082,4597371
2021-12-29 19:00:00-05:00,31.96928596496582,32.52032470703125,31.806684494018555,31.96928596496582,4371211
2021-12-30 19:00:00-05:00,32.52032470703125,32.737125396728516,30.83107566833496,30.939476013183594,5279947
2022-01-02 19:00:00-05:00,31.878952026367188,31.96928596496582,30.803974151611328,30.957542419433594,4164202
2022-01-03 19:00:00-05:00,31.607948303222656,32.06865310668945,30.731706619262695,31.309846878051758,4629917
2022-01-04 19:00:00-05:00,31.345979690551758,31.61698341369629,29.286359786987305,29.349592208862305,5861565
2022-01-05 19:00:00-05:00,28.89792251586914,29.349592208862305,28.229448318481445,28.852754592895508,7061996
2022-01-06 19:00:00-05:00,28.229448318481445,28.37398338317871,27.19060516357422,27.76422882080078,9403854
2022-01-09 19:00:00-05:00,26.702800750732422,27.68744468688965,26.151762008666992,27.25383949279785,9119023
2022-01-10 19:00:00-05:00,27.25383949279785,28.446250915527344,26.95573616027832,28.139114379882812,8092834
2022-01-11 19:00:00-05:00,28.87082290649414,29.358627319335938,28.437217712402344,28.86178970336914,8095159
2022-01-12 19:00:00-05:00,29.092140197753906,29.43992805480957,27.196929931640625,27.551942825317383,7438265
2022-01-13 19:00:00-05:00,27.13640594482422,28.184282302856445,27.118337631225586,27.579042434692383,5019138
2022-01-17 19:00:00-05:00,26.44083023071289,26.558265686035156,25.51942253112793,25.808490753173828,7907412
2022-01-18 19:00:00-05:00,26.151762008666992,26.693767547607422,25.29358673095703,25.31165313720703,6312668
2022-01-19 19:00:00-05:00,25.998193740844727,26.811201095581055,25.88075828552246,26.214994430541992,7333211
2022-01-20 19:00:00-05:00,23.63143539428711,24.14634132385254,22.637760162353516,23.116531372070312,17318129
2022-01-23 19:00:00-05:00,20.388437271118164,23.486902236938477,20.072267532348633,23.393856048583984,17982883
2022-01-24 19:00:00-05:00,23.08039665222168,23.441734313964844,22.20415496826172,22.971996307373047,9290719
2022-01-25 19:00:00-05:00,23.938573837280273,24.7515811920166,22.80939483642578,22.981029510498047,8427370
2022-01-26 19:00:00-05:00,22.994579315185547,23.315265655517578,21.743450164794922,21.779584884643555,6436873
2022-01-27 19:00:00-05:00,22.628725051879883,23.261066436767578,22.24028968811035,23.247516632080078,6154809
2022-01-30 19:00:00-05:00,23.170732498168945,23.92953872680664,22.73712730407715,23.703704833984375,4943198
2022-01-31 19:00:00-05:00,24.037939071655273,24.16440773010254,23.405601501464844,23.730804443359375,5008954
2022-02-01 19:00:00-05:00,23.61336898803711,23.61336898803711,22.592592239379883,23.08039665222168,4491542
2022-02-02 19:00:00-05:00,22.457090377807617,22.917795181274414,22.14995574951172,22.24932289123535,5329430
2022-02-03 19:00:00-05:00,23.04426383972168,25.510387420654297,23.04426383972168,25.25745391845703,7028454
2022-02-06 19:00:00-05:00,26.829267501831055,28.157182693481445,26.738933563232422,27.615175247192383,9527285
2022-02-07 19:00:00-05:00,27.407407760620117,28.32881736755371,26.811201095581055,28.319782257080078,7644499
2022-02-08 19:00:00-05:00,28.229448318481445,28.979223251342773,27.551942825317383,28.979223251342773,7038860
2022-02-09 19:00:00-05:00,28.152664184570312,29.539295196533203,27.705509185791016,28.003612518310547,8910464
2022-02-10 19:00:00-05:00,27.628725051879883,28.093948364257812,26.41373062133789,26.747966766357422,8888435
2022-02-13 19:00:00-05:00,26.720867156982422,27.145437240600586,26.233062744140625,26.60343360900879,5078141
2022-02-14 19:00:00-05:00,28.01264762878418,28.36495018005371,27.895212173461914,28.265583038330078,3924979
2022-02-15 19:00:00-05:00,28.093948364257812,28.455284118652344,27.46160888671875,28.112014770507812,4195641
2022-02-16 19:00:00-05:00,27.018970489501953,27.08852767944336,25.56458854675293,25.600723266601562,8148074
2022-02-17 19:00:00-05:00,25.420053482055664,25.447153091430664,24.363143920898438,24.66124725341797,8463790
2022-02-21 19:00:00-05:00,23.170732498168945,23.92050552368164,23.03523063659668,23.423667907714844,8652866
2022-02-22 19:00:00-05:00,24.15537452697754,24.272808074951172,22.926828384399414,23.152664184570312,4802387
2022-02-23 19:00:00-05:00,21.797651290893555,24.932249069213867,21.707317352294922,24.019874572753906,11339665
2022-02-24 19:00:00-05:00,24.543811798095703,24.69738006591797,22.18608856201172,24.548328399658203,5413341
2022-02-27 19:00:00-05:00,24.390243530273438,26.64859962463379,24.299909591674805,26.549232482910156,7849184
2022-02-28 19:00:00-05:00,28.206865310668945,28.265583038330078,27.018970489501953,27.77777862548828,8368367
2022-03-01 19:00:00-05:00,27.68744468688965,28.726287841796875,26.91960334777832,27.260162353515625,5515628
2022-03-02 19:00:00-05:00,27.27190589904785,27.326107025146484,25.30261993408203,25.392953872680664,4848881
2022-03-03 19:00:00-05:00,25.067750930786133,25.2303524017334,23.089431762695312,23.60433578491211,6996240
2022-03-06 19:00:00-05:00,23.405601501464844,23.88437271118164,22.18608856201172,22.28545570373535,7306089
2022-03-07 19:00:00-05:00,23.03071403503418,23.812105178833008,22.72809410095215,23.03523063659668,6219126
2022-03-08 19:00:00-05:00,25.383920669555664,26.016260147094727,25.29358673095703,25.383920669555664,5652896
2022-03-09 19:00:00-05:00,23.812105178833008,24.345077514648438,23.486902236938477,24.028907775878906,5052902
2022-03-10 19:00:00-05:00,24.001806259155273,24.139114379882812,22.854562759399414,23.04426383972168,5206996
2022-03-13 20:00:00-04:00,23.315265655517578,23.55013656616211,22.691959381103516,22.944896697998047,2929786
2022-03-14 20:00:00-04:00,22.77326011657715,23.938573837280273,22.615175247192383,23.794038772583008,2709493
2022-03-15 20:00:00-04:00,24.11020851135254,24.841915130615234,23.432701110839844,24.841915130615234,4070328
2022-03-16 20:00:00-04:00,24.841915130615234,25.022584915161133,24.498645782470703,24.977415084838867,3568304
2022-03-17 20:00:00-04:00,24.69738006591797,25.962060928344727,24.50767707824707,25.925926208496094,3800774
2022-03-20 20:00:00-04:00,25.465221405029297,25.709123611450195,24.66124725341797,25.0135498046875,3241185
2022-03-21 20:00:00-04:00,26.151762008666992,26.63956642150879,25.916893005371094,25.971092224121094,4278887
2022-03-22 20:00:00-04:00,25.86269187927246,26.37759780883789,25.501354217529297,25.84462547302246,2598683
2022-03-23 20:00:00-04:00,26.323396682739258,27.71454429626465,26.196929931640625,27.560976028442383,5986324
2022-03-24 20:00:00-04:00,28.193315505981445,28.482385635375977,27.055103302001953,27.25383949279785,5370389
2022-03-27 20:00:00-04:00,28.87082290649414,29.954832077026367,28.843721389770508,29.638662338256836,6544805
2022-03-28 20:00:00-04:00,29.72899627685547,29.972900390625,29.17795753479004,29.69286346435547,4246895
2022-03-29 20:00:00-04:00,29.354110717773438,29.7741641998291,28.473350524902344,28.961156845092773,4097007
2022-03-30 20:00:00-04:00,29.09665870666504,29.223125457763672,27.560976028442383,27.588075637817383,3702140
2022-03-31 20:00:00-04:00,27.570009231567383,29.033424377441406,27.50677490234375,28.952123641967773,5691198
2022-04-03 20:00:00-04:00,28.762420654296875,29.042457580566406,28.03974723815918,28.979223251342773,4397558
2022-04-04 20:00:00-04:00,29.15085792541504,29.43992805480957,28.56368637084961,29.024389266967773,5013382
2022-04-05 20:00:00-04:00,28.193315505981445,28.202348709106445,26.856369018554688,27.28997230529785,6944986
2022-04-06 20:00:00-04:00,27.055103302001953,27.77777862548828,26.874435424804688,27.443540573120117,4172837
2022-04-07 20:00:00-04:00,27.073171615600586,27.895212173461914,26.738933563232422,26.93766975402832,4778033
2022-04-10 20:00:00-04:00,25.81752586364746,25.943992614746094,25.0316162109375,25.094850540161133,5211977
2022-04-11 20:00:00-04:00,25.374887466430664,25.790424346923828,24.70641326904297,24.7335147857666,3654982
2022-04-12 20:00:00-04:00,24.887081146240234,26.485998153686523,24.850948333740234,26.36856460571289,3815276
2022-04-13 20:00:00-04:00,26.332429885864258,26.51580810546875,25.429088592529297,25.745256423950195,3398601
2022-04-17 20:00:00-04:00,25.379404067993164,26.820234298706055,25.1942195892334,26.64859962463379,3971030
2022-04-18 20:00:00-04:00,26.729900360107422,27.542909622192383,26.67569923400879,27.26287269592285,3241185
2022-04-19 20:00:00-04:00,27.53387451171875,27.73261070251465,26.874435424804688,27.16350555419922,2539015
2022-04-20 20:00:00-04:00,27.904245376586914,28.36495018005371,26.431798934936523,26.504064559936523,3544614
2022-04-21 20:00:00-04:00,25.953025817871094,26.07949447631836,24.914182662963867,25.32971954345703,3725609
2022-04-24 20:00:00-04:00,24.69738006591797,25.88075828552246,24.327009201049805,25.85365867614746,3851917
2022-04-25 20:00:00-04:00,25.627822875976562,25.700090408325195,24.16440773010254,24.299909591674805,3917009
2022-04-26 20:00:00-04:00,24.7335147857666,25.0045166015625,24.16440773010254,24.263776779174805,2717796
2022-04-27 20:00:00-04:00,24.625112533569336,25.32971954345703,24.200542449951172,25.140018463134766,2554403
2022-04-28 20:00:00-04:00,24.43541145324707,24.7606143951416,23.721771240234375,23.830171585083008,3017129
2022-05-01 20:00:00-04:00,23.803070068359375,23.938573837280273,23.03523063659668,23.640470504760742,5682452
2022-05-02 20:00:00-04:00,23.62240219116211,23.830171585083008,23.143630981445312,23.215898513793945,3311591
2022-05-03 20:00:00-04:00,23.88437271118164,25.1942195892334,23.775970458984375,25.076784133911133,3575499
2022-05-04 20:00:00-04:00,24.832881927490234,24.841915130615234,22.321590423583984,22.601625442504883,5198804
2022-05-05 20:00:00-04:00,22.28997230529785,22.74616050720215,21.752483367919922,22.601625442504883,4207375
2022-05-08 20:00:00-04:00,20.32520294189453,20.686540603637695,18.56368637084961,18.883468627929688,14334654
2022-05-09 20:00:00-04:00,19.588979721069336,19.909666061401367,18.789520263671875,19.17795753479004,6473072
2022-05-10 20:00:00-04:00,18.197832107543945,19.43089485168457,17.13640594482422,17.24480628967285,11356934
2022-05-11 20:00:00-04:00,16.60343360900879,17.597108840942383,15.790425300598145,16.540199279785156,11273024
2022-05-12 20:00:00-04:00,17.78681182861328,18.292682647705078,17.100271224975586,17.79584503173828,8280914
2022-05-15 20:00:00-04:00,17.54742431640625,17.71454429626465,16.766033172607422,16.93766975402832,4897036
2022-05-16 20:00:00-04:00,17.570009231567383,17.931346893310547,17.028003692626953,17.443540573120117,4579216
2022-05-17 20:00:00-04:00,17.140920639038086,17.19963836669922,16.36856460571289,16.757001876831055,5270981
2022-05-18 20:00:00-04:00,16.874435424804688,17.904245376586914,16.757001876831055,17.642276763916016,5810090
2022-05-19 20:00:00-04:00,17.913278579711914,18.05781364440918,16.504064559936523,16.92863655090332,4358259
2022-05-22 20:00:00-04:00,17.434507369995117,18.06684684753418,16.63053321838379,16.65763282775879,4211692
2022-05-23 20:00:00-04:00,16.65763282775879,17.046070098876953,16.214994430541992,16.820234298706055,5963077
2022-05-24 20:00:00-04:00,16.865402221679688,17.551942825317383,16.711833953857422,17.22673988342285,3039933
2022-05-25 20:00:00-04:00,16.36856460571289,17.570009231567383,16.278228759765625,17.19963836669922,4051620
2022-05-26 20:00:00-04:00,17.100271224975586,17.425474166870117,16.44083023071289,17.127370834350586,4396451
2022-05-30 20:00:00-04:00,18.708219528198242,19.060523986816406,18.166215896606445,18.554651260375977,5356220
2022-05-31 20:00:00-04:00,18.64498519897461,18.825654983520508,17.39114761352539,17.588075637817383,4164866
2022-06-01 20:00:00-04:00,17.27190589904785,18.166215896606445,17.23577117919922,18.02168083190918,3884020
2022-06-02 20:00:00-04:00,17.71454429626465,17.76422882080078,17.26287269592285,17.398374557495117,2729309
2022-06-05 20:00:00-04:00,18.518518447875977,18.744354248046875,17.985546112060547,18.193315505981445,4157781
2022-06-06 20:00:00-04:00,17.20867156982422,18.428184509277344,16.98283576965332,18.265583038330078,3639484
2022-06-07 20:00:00-04:00,17.75971031188965,18.184282302856445,17.570009231567383,17.642276763916016,5416330
2022-06-08 20:00:00-04:00,17.642276763916016,18.08491325378418,17.504064559936523,17.53387451171875,2613959
2022-06-09 20:00:00-04:00,17.22673988342285,17.353206634521484,16.666667938232422,16.874435424804688,4590840
2022-06-12 20:00:00-04:00,13.757904052734375,14.399276733398438,13.062331199645996,13.53568172454834,13612004
2022-06-13 20:00:00-04:00,13.206865310668945,13.766938209533691,12.899728775024414,12.971996307373047,9999310
2022-06-14 20:00:00-04:00,12.538392066955566,13.125564575195312,11.897019386291504,12.700993537902832,17636835
2022-06-15 20:00:00-04:00,12.222222328186035,12.439023971557617,11.38211441040039,11.504064559936523,9413264
2022-06-16 20:00:00-04:00,11.318880081176758,11.671182632446289,10.840107917785645,11.264678955078125,12496037
2022-06-20 20:00:00-04:00,11.526649475097656,12.646793365478516,11.51761531829834,12.204154968261719,34915998
2022-06-21 20:00:00-04:00,11.887986183166504,12.339656829833984,11.500452041625977,11.707317352294922,31352233
2022-06-22 20:00:00-04:00,12.086721420288086,12.3848237991333,11.770550727844238,12.3667573928833,6424696
2022-06-23 20:00:00-04:00,12.542908668518066,12.854561805725098,12.104787826538086,12.511292457580566,8156265
2022-06-26 20:00:00-04:00,12.565491676330566,12.5925931930542,11.878952026367188,12.204154968261719,5981121
2022-06-27 20:00:00-04:00,12.285455703735352,12.511292457580566,11.906051635742188,11.96928596496582,6171525
2022-06-28 20:00:00-04:00,11.897019386291504,12.086721420288086,11.707317352294922,12.032520294189453,4563940
2022-06-29 20:00:00-04:00,11.373080253601074,11.38211441040039,10.794940948486328,10.894309043884277,9387581
2022-06-30 20:00:00-04:00,11.120144844055176,11.38211441040039,10.95754337310791,11.065943717956543,6259089
2022-07-04 20:00:00-04:00,11.065943717956543,11.779583930969238,10.930442810058594,11.680216789245605,5074377
2022-07-05 20:00:00-04:00,11.589882850646973,11.644083023071289,11.228546142578125,11.364047050476074,4442612
2022-07-06 20:00:00-04:00,11.43631362915039,12.457091331481934,11.336947441101074,12.420957565307617,3882138
2022-07-07 20:00:00-04:00,12.158987998962402,12.755193710327148,11.96928596496582,12.439023971557617,4180253
2022-07-10 20:00:00-04:00,11.788618087768555,11.915085792541504,11.526649475097656,11.607949256896973,2786208
2022-07-11 20:00:00-04:00,11.273713111877441,12.312556266784668,10.95754337310791,11.029809951782227,3974905
2022-07-12 20:00:00-04:00,10.885275840759277,11.779583930969238,10.767841339111328,11.210478782653809,4871132
2022-07-13 20:00:00-04:00,11.156277656555176,12.014452934265137,11.129178047180176,11.860884666442871,3717417
2022-07-14 20:00:00-04:00,12.240288734436035,12.375789642333984,11.93315315246582,12.375789642333984,4657924
2022-07-17 20:00:00-04:00,12.953929901123047,13.414633750915527,12.583559036254883,12.719060897827148,5533782
2022-07-18 20:00:00-04:00,13.179764747619629,14.200542449951172,13.02619743347168,13.89340591430664,6826537
2022-07-19 20:00:00-04:00,14.209574699401855,14.58897876739502,13.91147232055664,14.074073791503906,7213544
2022-07-20 20:00:00-04:00,13.47786808013916,13.640469551086426,13.116531372070312,13.58626937866211,4011879
2022-07-21 20:00:00-04:00,13.848237991333008,13.974705696105957,13.08039665222168,13.08039665222168,3868412
2022-07-24 20:00:00-04:00,12.764227867126465,12.827462196350098,12.240288734436035,12.429990768432617,4145272
2022-07-25 20:00:00-04:00,11.824751853942871,11.96928596496582,11.662150382995605,11.743451118469238,4186231
2022-07-26 20:00:00-04:00,11.94218635559082,13.08039665222168,11.906051635742188,12.854561805725098,4065458
2022-07-27 20:00:00-04:00,13.071364402770996,13.47786808013916,12.646793365478516,13.396567344665527,6022301
2022-07-28 20:00:00-04:00,13.252033233642578,13.685637474060059,13.08039665222168,13.369466781616211,4286193
2022-07-31 20:00:00-04:00,12.908761978149414,13.306233406066895,12.691960334777832,12.836495399475098,2769271
2022-08-01 20:00:00-04:00,12.782294273376465,13.324299812316895,12.646793365478516,12.809394836425781,3220706
2022-08-02 20:00:00-04:00,12.999096870422363,13.279132843017578,12.971996307373047,13.116531372070312,4939102
2022-08-03 20:00:00-04:00,12.773261070251465,13.098464012145996,12.5925931930542,12.637760162353516,2962996
2022-08-04 20:00:00-04:00,12.990062713623047,13.179764747619629,12.773261070251465,12.854561805725098,3123954
2022-08-07 20:00:00-04:00,13.45076847076416,13.757904052734375,13.441734313964844,13.676603317260742,4350731
2022-08-08 20:00:00-04:00,13.324299812316895,13.360433578491211,12.92682933807373,12.962963104248047,3560333
2022-08-09 20:00:00-04:00,13.676603317260742,13.730804443359375,13.333333015441895,13.514001846313477,4306451
2022-08-10 20:00:00-04:00,14.114724159240723,14.3848237991333,13.676603317260742,13.712737083435059,4649843
2022-08-11 20:00:00-04:00,13.532069206237793,13.866305351257324,13.423667907714844,13.748870849609375,3458268
2022-08-14 20:00:00-04:00,13.717253684997559,13.821138381958008,13.550135612487793,13.60433578491211,2686025
2022-08-15 20:00:00-04:00,13.60433578491211,13.649502754211426,13.369466781616211,13.495935440063477,2135735
2022-08-16 20:00:00-04:00,13.337849617004395,13.387534141540527,12.93586254119873,12.981030464172363,3426497
2022-08-17 20:00:00-04:00,13.125564575195312,13.261066436767578,13.01716423034668,13.08039665222168,2367762
2022-08-18 20:00:00-04:00,12.149954795837402,12.222222328186035,11.915085792541504,11.96025276184082,4400879
2022-08-21 20:00:00-04:00,11.784100532531738,11.95121955871582,11.635049819946289,11.689249992370605,2681708
2022-08-22 20:00:00-04:00,11.887986183166504,12.276423454284668,11.860884666442871,12.222222328186035,2199277
2022-08-23 20:00:00-04:00,12.172537803649902,12.402891159057617,12.09575366973877,12.276423454284668,1751938
2022-08-24 20:00:00-04:00,12.231255531311035,12.375789642333984,12.04155445098877,12.104787826538086,1420613
2022-08-25 20:00:00-04:00,12.222222328186035,12.267389297485352,11.38211441040039,11.442638397216797,3150965
2022-08-28 20:00:00-04:00,11.07046127319336,11.50858211517334,11.029809951782227,11.373080253601074,2951926
2022-08-29 20:00:00-04:00,11.53116512298584,11.589882850646973,10.894309043884277,11.147245407104492,2842333
2022-08-30 20:00:00-04:00,11.327913284301758,11.51761531829834,11.129178047180176,11.327913284301758,2618276
2022-08-31 20:00:00-04:00,11.178861618041992,11.219511985778809,10.876241683959961,11.09304428100586,3570296
2022-09-01 20:00:00-04:00,11.41373062133789,11.51761531829834,11.002710342407227,11.183379173278809,2720563
2022-09-05 20:00:00-04:00,11.151762008666992,11.264678955078125,10.587173461914062,10.587173461914062,5487399
2022-09-06 20:00:00-04:00,10.555556297302246,11.05691146850586,10.542004585266113,11.002710342407227,4883531
2022-09-07 20:00:00-04:00,11.002710342407227,11.192412376403809,10.849142074584961,10.939476013183594,2465510
2022-09-08 20:00:00-04:00,11.887986183166504,12.177055358886719,11.833785057067871,12.149954795837402,4502390
2022-09-11 20:00:00-04:00,12.691960334777832,12.890695571899414,12.511292457580566,12.782294273376465,3997377
2022-09-12 20:00:00-04:00,12.154472351074219,12.231255531311035,11.273713111877441,11.427281379699707,3421405
2022-09-13 20:00:00-04:00,11.431797981262207,11.472448348999023,10.993677139282227,11.165311813354492,2958015
2022-09-14 20:00:00-04:00,11.192412376403809,11.318880081176758,10.894309043884277,10.930442810058594,2363777
2022-09-15 20:00:00-04:00,10.912376403808594,10.948509216308594,10.614273071289062,10.822042465209961,3103585
2022-09-18 20:00:00-04:00,10.44715404510498,10.966575622558594,10.388437271118164,10.921408653259277,4573460
2022-09-19 20:00:00-04:00,10.609756469726562,10.785907745361328,10.460704803466797,10.53297233581543,1928726
2022-09-20 20:00:00-04:00,10.713640213012695,11.029809951782227,10.478771209716797,10.53297233581543,2805249
2022-09-21 20:00:00-04:00,10.57362174987793,10.695573806762695,10.325202941894531,10.605238914489746,3045136
2022-09-22 20:00:00-04:00,10.388437271118164,10.45167064666748,9.963866233825684,10.11291790008545,4496634
2022-09-25 20:00:00-04:00,10.162602424621582,10.415536880493164,10.153568267822266,10.289070129394531,2445031
2022-09-26 20:00:00-04:00,10.822042465209961,10.966575622558594,10.072266578674316,10.261968612670898,3716974
2022-09-27 20:00:00-04:00,10.261968612670898,10.641372680664062,10.207769393920898,10.55103874206543,3306388
2022-09-28 20:00:00-04:00,10.42457103729248,10.578139305114746,10.090333938598633,10.234869003295898,2831927
2022-09-29 20:00:00-04:00,10.171634674072266,10.840107917785645,10.12646770477295,10.307135581970215,3044471
2022-10-02 20:00:00-04:00,10.266486167907715,10.695573806762695,10.198735237121582,10.53297233581543,3432032
2022-10-03 20:00:00-04:00,10.813008308410645,11.029809951782227,10.722674369812012,10.930442810058594,4070660
2022-10-04 20:00:00-04:00,10.740740776062012,10.939476013183594,10.578139305114746,10.831074714660645,4094572
2022-10-05 20:00:00-04:00,10.840107917785645,10.948509216308594,10.641372680664062,10.794940948486328,2221638
2022-10-06 20:00:00-04:00,10.641372680664062,10.641372680664062,10.198735237121582,10.252936363220215,3046353
2022-10-09 20:00:00-04:00,10.271002769470215,10.334237098693848,10.13550090789795,10.234869003295898,2622704
2022-10-10 20:00:00-04:00,10.194218635559082,10.234869003295898,10.0,10.081300735473633,2152783
2022-10-11 20:00:00-04:00,10.10840129852295,10.252936363220215,10.081300735473633,10.12646770477295,1642456
2022-10-12 20:00:00-04:00,9.724480628967285,10.343270301818848,9.647695541381836,10.162602424621582,4942202
2022-10-13 20:00:00-04:00,10.334237098693848,10.379404067993164,10.027099609375,10.081300735473633,2869565
2022-10-16 20:00:00-04:00,10.316169738769531,10.460704803466797,10.243902206420898,10.352304458618164,2347504
2022-10-17 20:00:00-04:00,10.42005443572998,10.460704803466797,10.09936809539795,10.216801643371582,3063733
2022-10-18 20:00:00-04:00,10.185185432434082,10.252936363220215,10.072266578674316,10.162602424621582,1518804
2022-10-19 20:00:00-04:00,10.144535064697266,10.325202941894531,10.117435455322266,10.180667877197266,2572557
2022-10-20 20:00:00-04:00,10.09936809539795,10.374887466430664,10.063234329223633,10.316169738769531,3710000
2022-10-23 20:00:00-04:00,10.338752746582031,10.514904975891113,10.280035972595215,10.43360424041748,2534255
2022-10-24 20:00:00-04:00,10.460704803466797,11.183379173278809,10.442638397216797,11.038844108581543,4787443
2022-10-25 20:00:00-04:00,11.151762008666992,11.698284149169922,11.074976921081543,11.309845924377441,7697857
2022-10-26 20:00:00-04:00,11.332429885864258,11.38211441040039,10.948509216308594,10.97560977935791,2927904
2022-10-27 20:00:00-04:00,10.907858848571777,10.97560977935791,10.686539649963379,10.894309043884277,4667223
2022-10-30 20:00:00-04:00,10.844625473022461,10.95754337310791,10.650406837463379,10.840107917785645,3409117
2022-10-31 20:00:00-04:00,10.907858848571777,11.029809951782227,10.849142074584961,10.867209434509277,2721560
2022-11-01 20:00:00-04:00,10.943992614746094,11.138211250305176,10.605238914489746,10.650406837463379,3179304
2022-11-02 20:00:00-04:00,10.582655906677246,10.822042465209961,10.569106101989746,10.677507400512695,3338269
2022-11-03 20:00:00-04:00,11.08852767944336,11.463415145874023,10.903342247009277,11.069557189941406,5498469
2022-11-06 19:00:00-05:00,10.97109317779541,11.020776748657227,10.849142074584961,10.894309043884277,3685978
2022-11-07 19:00:00-05:00,10.325202941894531,10.95754337310791,9.033424377441406,9.542908668518066,14481110
2022-11-08 19:00:00-05:00,9.137308120727539,9.277325630187988,7.831977844238281,7.9177961349487305,19229365
2022-11-09 19:00:00-05:00,8.58626937866211,8.798555374145508,8.03974723815918,8.717253684997559,11815786
2022-11-10 19:00:00-05:00,8.075881004333496,8.247515678405762,7.615176200866699,8.012646675109863,16170945
2022-11-13 19:00:00-05:00,7.872629165649414,8.157181739807129,7.750678062438965,8.089430809020996,10956754
2022-11-14 19:00:00-05:00,8.509485244750977,8.789521217346191,8.383016586303711,8.744354248046875,6982292
2022-11-15 19:00:00-05:00,8.328817367553711,8.47786808013916,7.8229451179504395,8.310750007629395,12912823
2022-11-16 19:00:00-05:00,8.134597778320312,8.211381912231445,7.831977844238281,7.904245853424072,7736159
2022-11-17 19:00:00-05:00,7.953929901123047,7.967480182647705,7.235772132873535,7.542909145355225,14132516
2022-11-20 19:00:00-05:00,7.1770548820495605,7.615176200866699,6.73893404006958,7.479674816131592,17969378
2022-11-21 19:00:00-05:00,7.511291980743408,8.292682647705078,7.50677490234375,7.6278228759765625,14517309
2022-11-22 19:00:00-05:00,7.904245853424072,8.355916976928711,7.904245853424072,8.337849617004395,5694962
2022-11-24 19:00:00-05:00,8.342367172241211,8.437217712402344,8.03974723815918,8.157181739807129,2141713
2022-11-27 19:00:00-05:00,7.908761978149414,8.130081176757812,7.68744421005249,7.985547065734863,4510472
2022-11-28 19:00:00-05:00,8.003613471984863,8.04878044128418,7.68744421005249,7.850045204162598,3709889
2022-11-29 19:00:00-05:00,8.01716423034668,8.301715850830078,7.868112087249756,8.175248146057129,4095457
2022-11-30 19:00:00-05:00,8.098464012145996,8.292682647705078,7.985547065734863,8.03071403503418,4313868
2022-12-01 19:00:00-05:00,7.971995830535889,8.130081176757812,7.9403791427612305,8.112013816833496,2590823
2022-12-04 19:00:00-05:00,8.175248146057129,8.256548881530762,7.850045204162598,7.967480182647705,3011594
2022-12-05 19:00:00-05:00,7.994579792022705,8.021679878234863,7.768743991851807,7.913279056549072,2637760
2022-12-06 19:00:00-05:00,7.818428039550781,7.850045204162598,7.29900598526001,7.326107025146484,7621584
2022-12-07 19:00:00-05:00,7.330623149871826,7.479674816131592,7.326107025146484,7.398374080657959,5161388
2022-12-08 19:00:00-05:00,7.389340877532959,7.443541049957275,7.217706203460693,7.253839015960693,9516547
2022-12-11 19:00:00-05:00,7.077686786651611,7.353207111358643,7.073171138763428,7.317072868347168,4047746
2022-12-12 19:00:00-05:00,7.628726005554199,7.741643905639648,7.416440963745117,7.488708019256592,5162827
2022-12-13 19:00:00-05:00,7.592593193054199,7.904245853424072,7.497742176055908,7.588076114654541,5418322
2022-12-14 19:00:00-05:00,7.416440963745117,7.545619010925293,7.353207111358643,7.497742176055908,3248381
2022-12-15 19:00:00-05:00,7.27642297744751,7.344172954559326,7.136404991149902,7.1635050773620605,4202061
2022-12-18 19:00:00-05:00,7.168022155761719,7.588076114654541,7.1635050773620605,7.344172954559326,3939149
2022-12-19 19:00:00-05:00,7.339656829833984,7.497742176055908,7.0822038650512695,7.29900598526001,3753062
2022-12-20 19:00:00-05:00,7.226738929748535,7.28997278213501,7.1544718742370605,7.271905899047852,2809787
2022-12-21 19:00:00-05:00,7.375790119171143,7.407406806945801,7.172537803649902,7.362239837646484,3743210
2022-12-22 19:00:00-05:00,7.28545618057251,7.560976028442383,7.271905899047852,7.524841785430908,2447577
2022-12-26 19:00:00-05:00,7.267388820648193,7.407406806945801,7.091238021850586,7.100271224975586,4926150
2022-12-27 19:00:00-05:00,7.077686786651611,7.199638843536377,6.98283576965332,7.046070098876953,4301913
2022-12-28 19:00:00-05:00,6.996387004852295,7.26287317276001,6.991869926452637,7.208672046661377,4901464
2022-12-29 19:00:00-05:00,7.041553974151611,7.497742176055908,7.037036895751953,7.488708019256592,5675589
2023-01-02 19:00:00-05:00,7.425474166870117,7.443541049957275,7.235772132873535,7.407406806945801,3123511
2023-01-03 19:00:00-05:00,7.479674816131592,7.633243083953857,7.344172954559326,7.570009231567383,2536580
2023-01-04 19:00:00-05:00,7.560976028442383,7.669376850128174,7.416440963745117,7.633243083953857,2694992
2023-01-05 19:00:00-05:00,7.50677490234375,7.850045204162598,7.452575206756592,7.813910961151123,2417467
2023-01-08 19:00:00-05:00,7.971995830535889,8.879855155944824,7.967480182647705,8.717253684997559,6479160
2023-01-09 19:00:00-05:00,8.766938209533691,8.98825740814209,8.536584854125977,8.925023078918457,2902886
2023-01-10 19:00:00-05:00,8.703703880310059,8.997289657592773,8.364950180053711,8.852754592895508,2866577
2023-01-11 19:00:00-05:00,9.218608856201172,10.153568267822266,8.94308853149414,9.47606086730957,8348219
2023-01-12 19:00:00-05:00,9.308942794799805,10.325202941894531,9.232158660888672,10.225835800170898,6374106
2023-01-16 19:00:00-05:00,10.858175277709961,11.246611595153809,10.207769393920898,10.587173461914062,7967743
2023-01-17 19:00:00-05:00,10.785907745361328,10.840107917785645,9.494128227233887,9.783198356628418,6579787
2023-01-18 19:00:00-05:00,9.525745391845703,10.722674369812012,9.521228790283203,10.352304458618164,4840468
2023-01-19 19:00:00-05:00,10.388437271118164,11.065943717956543,10.140018463134766,11.002710342407227,5025337
2023-01-22 19:00:00-05:00,11.115628242492676,11.580848693847656,10.731706619262695,11.09304428100586,6543920
2023-01-23 19:00:00-05:00,11.11111068725586,11.156277656555176,10.686539649963379,10.813008308410645,3321443
2023-01-24 19:00:00-05:00,10.627822875976562,11.01174259185791,10.252936363220215,10.939476013183594,3235650
2023-01-25 19:00:00-05:00,11.025294303894043,11.120144844055176,10.668473243713379,11.05691146850586,2834474
2023-01-26 19:00:00-05:00,10.98464298248291,11.345979690551758,10.894309043884277,11.165311813354492,2555510
2023-01-29 19:00:00-05:00,11.147245407104492,11.228546142578125,10.704607009887695,10.740740776062012,5167697
2023-01-30 19:00:00-05:00,10.794940948486328,11.08401107788086,10.785907745361328,10.97560977935791,2491082
2023-01-31 19:00:00-05:00,10.98915958404541,11.463415145874023,10.713640213012695,11.427281379699707,2922480
2023-02-01 19:00:00-05:00,11.612465858459473,12.014452934265137,11.309845924377441,11.680216789245605,6450268
2023-02-02 19:00:00-05:00,11.485998153686523,11.635049819946289,11.102078437805176,11.129178047180176,3028752
2023-02-05 19:00:00-05:00,11.016260147094727,11.065943717956543,10.758808135986328,10.776873588562012,1887103
2023-02-06 19:00:00-05:00,10.772357940673828,11.002710342407227,10.614273071289062,10.97560977935791,2964103
2023-02-07 19:00:00-05:00,11.029809951782227,11.038844108581543,10.53297233581543,10.614273071289062,2244000
2023-02-08 19:00:00-05:00,10.587173461914062,10.650406837463379,9.539295196533203,9.60252857208252,5301312
2023-02-09 19:00:00-05:00,9.607046127319336,9.783198356628418,9.539295196533203,9.638663291931152,3651882
2023-02-12 19:00:00-05:00,9.534778594970703,9.620595932006836,9.277325630187988,9.385726928710938,2722777
2023-02-13 19:00:00-05:00,9.385726928710938,9.87353229522705,9.304426193237305,9.801264762878418,2627132
2023-02-14 19:00:00-05:00,10.054201126098633,11.065943717956543,10.018067359924316,10.993677139282227,3752509
2023-02-15 19:00:00-05:00,10.862691879272461,11.454380989074707,10.731706619262695,10.740740776062012,4569696
2023-02-16 19:00:00-05:00,10.53297233581543,11.09304428100586,10.505871772766113,11.020776748657227,3831991
2023-02-20 19:00:00-05:00,11.020776748657227,11.09304428100586,10.704607009887695,10.731706619262695,2677280
2023-02-21 19:00:00-05:00,10.578139305114746,10.731706619262695,10.198735237121582,10.460704803466797,3411553
2023-02-22 19:00:00-05:00,10.745257377624512,10.767841339111328,10.460704803466797,10.740740776062012,1721274
2023-02-23 19:00:00-05:00,10.645890235900879,10.713640213012695,10.117435455322266,10.352304458618164,2068097
2023-02-26 19:00:00-05:00,10.600723266601562,10.767841339111328,10.316169738769531,10.379404067993164,1344784
2023-02-27 19:00:00-05:00,10.361336708068848,10.632340431213379,10.325202941894531,10.42457103729248,1212497
2023-02-28 19:00:00-05:00,10.53748893737793,10.731706619262695,10.39747142791748,10.39747142791748,1530206
2023-03-01 19:00:00-05:00,10.383920669555664,10.442638397216797,10.144535064697266,10.39747142791748,1404340
2023-03-02 19:00:00-05:00,9.950316429138184,10.39747142791748,9.837397575378418,10.162602424621582,3302070
2023-03-05 19:00:00-05:00,10.144535064697266,10.740740776062012,10.063234329223633,10.632340431213379,3134692
2023-03-06 19:00:00-05:00,10.632340431213379,12.186088562011719,10.298103332519531,11.653117179870605,8856000
2023-03-07 19:00:00-05:00,11.427281379699707,12.231255531311035,11.291780471801758,11.96025276184082,5189616
2023-03-08 19:00:00-05:00,11.793134689331055,11.906051635742188,10.578139305114746,10.659440040588379,4601467
2023-03-09 19:00:00-05:00,10.478771209716797,11.020776748657227,10.063234329223633,10.144535064697266,3245392
2023-03-12 20:00:00-04:00,11.05691146850586,11.725383758544922,10.614273071289062,11.427281379699707,7492951
2023-03-13 20:00:00-04:00,12.118337631225586,12.285455703735352,11.93315315246582,12.186088562011719,5969719
2023-03-14 20:00:00-04:00,12.240288734436035,12.258356094360352,11.472448348999023,11.987353324890137,3459043
2023-03-15 20:00:00-04:00,11.97380256652832,12.827462196350098,11.915085792541504,12.691960334777832,3641698
2023-03-16 20:00:00-04:00,13.333333015441895,14.03794002532959,13.242999076843262,13.938572883605957,8630061
2023-03-19 20:00:00-04:00,14.471545219421387,14.670280456542969,14.254742622375488,14.45347785949707,6888750
2023-03-20 20:00:00-04:00,14.55284595489502,14.58897876739502,14.056007385253906,14.45347785949707,4156564
2023-03-21 20:00:00-04:00,14.521228790283203,15.130985260009766,13.60433578491211,13.622403144836426,6596724
2023-03-22 20:00:00-04:00,13.983739852905273,14.769647598266602,13.821138381958008,14.543811798095703,4334348
2023-03-23 20:00:00-04:00,14.367659568786621,14.670280456542969,14.110207557678223,14.45347785949707,2248649
2023-03-26 20:00:00-04:00,14.119240760803223,14.408310890197754,13.559168815612793,13.757904052734375,3664502
2023-03-27 20:00:00-04:00,13.59530258178711,14.354109764099121,13.568202018737793,14.101174354553223,2644180
2023-03-28 20:00:00-04:00,14.543811798095703,14.87804889678955,14.254742622375488,14.308942794799805,2910524
2023-03-29 20:00:00-04:00,14.607046127319336,14.616079330444336,13.91147232055664,14.290876388549805,1998578
2023-03-30 20:00:00-04:00,14.376693725585938,14.832881927490234,14.372177124023438,14.778680801391602,2967867
2023-04-02 20:00:00-04:00,14.760614395141602,14.869014739990234,14.299909591674805,14.498644828796387,2319054
2023-04-03 20:00:00-04:00,14.643179893493652,14.643179893493652,14.363143920898438,14.417344093322754,2131418
2023-04-04 20:00:00-04:00,14.43992805480957,14.670280456542969,14.327010154724121,14.625112533569336,1768875
2023-04-05 20:00:00-04:00,14.57542896270752,14.724480628967285,14.281843185424805,14.643179893493652,1679762
2023-04-09 20:00:00-04:00,14.728997230529785,15.844625473022461,14.679312705993652,15.483287811279297,5223822
2023-04-10 20:00:00-04:00,16.007226943969727,16.62150001525879,15.862691879272461,16.007226943969727,5709131
2023-04-11 20:00:00-04:00,16.043359756469727,16.061426162719727,15.41102123260498,15.42005443572998,2790415
2023-04-12 20:00:00-04:00,15.618789672851562,16.260162353515625,15.600723266601562,15.98915958404541,2864252
2023-04-13 20:00:00-04:00,16.233062744140625,16.504064559936523,15.474254608154297,15.745257377624512,3373693
2023-04-16 20:00:00-04:00,15.176152229309082,15.266486167907715,14.896116256713867,15.185185432434082,2571450
2023-04-17 20:00:00-04:00,15.57362174987793,15.916893005371094,15.383920669555664,15.483287811279297,2640306
2023-04-18 20:00:00-04:00,15.14905071258545,15.257452964782715,14.372177124023438,14.760614395141602,4336230
2023-04-19 20:00:00-04:00,14.56187915802002,14.607046127319336,14.227642059326172,14.290876388549805,2964657
2023-04-20 20:00:00-04:00,14.191509246826172,14.299909591674805,13.694669723510742,13.730804443359375,2735508
2023-04-23 20:00:00-04:00,13.676603317260742,14.01084041595459,13.351400375366211,13.541102409362793,2744807
2023-04-24 20:00:00-04:00,13.559168815612793,13.640469551086426,13.188798904418945,13.514001846313477,2078946
2023-04-25 20:00:00-04:00,14.498644828796387,14.679312705993652,13.523035049438477,13.640469551086426,2804585
2023-04-26 20:00:00-04:00,14.083106994628906,14.9954833984375,14.01987361907959,14.85094928741455,2154333
2023-04-27 20:00:00-04:00,14.688346862792969,14.91418170928955,14.408310890197754,14.832881927490234,1374341
2023-04-30 20:00:00-04:00,14.57091236114502,14.611562728881836,13.775971412658691,13.775971412658691,1972895
2023-05-01 20:00:00-04:00,13.839204788208008,14.679312705993652,13.821138381958008,14.643179893493652,2673516
2023-05-02 20:00:00-04:00,14.42637825012207,14.778680801391602,14.363143920898438,14.769647598266602,1882564
2023-05-03 20:00:00-04:00,14.87804889678955,15.209574699401855,14.796748161315918,14.950316429138184,2042304
2023-05-04 20:00:00-04:00,14.977416038513184,15.311653137207031,14.950316429138184,15.185185432434082,1465447
2023-05-07 20:00:00-04:00,14.56187915802002,14.670280456542969,13.947606086730957,14.01084041595459,2770268
2023-05-08 20:00:00-04:00,14.083106994628906,14.399276733398438,14.03794002532959,14.146341323852539,1148180
2023-05-09 20:00:00-04:00,14.308942794799805,14.634145736694336,13.57723617553711,13.90243911743164,2301121
2023-05-10 20:00:00-04:00,13.830171585083008,13.839204788208008,13.062331199645996,13.242999076843262,2831485
2023-05-11 20:00:00-04:00,12.990062713623047,13.360433578491211,12.547425270080566,12.881662368774414,3350336
2023-05-14 20:00:00-04:00,13.224931716918945,13.631436347961426,13.02619743347168,13.550135612487793,2443481
2023-05-15 20:00:00-04:00,13.405600547790527,13.459800720214844,13.161698341369629,13.215899467468262,1782934
2023-05-16 20:00:00-04:00,13.107498168945312,13.60433578491211,12.990062713623047,13.568202018737793,1521682
2023-05-17 20:00:00-04:00,13.441734313964844,13.495935440063477,12.859079360961914,13.02619743347168,1703009
2023-05-18 20:00:00-04:00,13.08039665222168,13.143630981445312,12.881662368774414,12.999096870422363,1244822
2023-05-21 20:00:00-04:00,12.93586254119873,13.161698341369629,12.791328430175781,12.818428039550781,1730462
2023-05-22 20:00:00-04:00,12.94489574432373,13.233965873718262,12.899728775024414,12.94489574432373,1231316
2023-05-23 20:00:00-04:00,12.737127304077148,12.773261070251465,12.276423454284668,12.3712739944458,2497724
2023-05-24 20:00:00-04:00,12.48419189453125,12.547425270080566,12.303523063659668,12.429990768432617,1410539
2023-05-25 20:00:00-04:00,12.470641136169434,12.809394836425781,12.3848237991333,12.49322509765625,1561091
2023-05-29 20:00:00-04:00,12.92682933807373,13.098464012145996,12.700993537902832,12.962963104248047,2079167
2023-05-30 20:00:00-04:00,12.6016263961792,12.673892974853516,12.420957565307617,12.547425270080566,1246703
2023-05-31 20:00:00-04:00,12.411924362182617,12.719060897827148,12.3848237991333,12.691960334777832,1835295
2023-06-01 20:00:00-04:00,12.782294273376465,13.01716423034668,12.746161460876465,12.990062713623047,1489247
2023-06-04 20:00:00-04:00,12.845527648925781,12.881662368774414,12.09575366973877,12.358627319335938,1951752
2023-06-05 20:00:00-04:00,12.195121765136719,13.134597778320312,12.09575366973877,13.071364402770996,2371415
2023-06-06 20:00:00-04:00,12.863595008850098,13.008130073547363,12.420957565307617,12.49322509765625,2010755
2023-06-07 20:00:00-04:00,12.439023971557617,12.691960334777832,12.3938570022583,12.511292457580566,1212829
2023-06-08 20:00:00-04:00,12.511292457580566,12.6016263961792,12.213189125061035,12.231255531311035,1504192
2023-06-11 20:00:00-04:00,12.195121765136719,12.195121765136719,11.761517524719238,11.851852416992188,2525178
2023-06-12 20:00:00-04:00,11.878952026367188,12.04155445098877,11.770550727844238,11.842818260192871,1990607
2023-06-13 20:00:00-04:00,11.788618087768555,12.149954795837402,11.770550727844238,11.978320121765137,1343455
2023-06-14 20:00:00-04:00,11.779583930969238,12.149954795837402,11.616983413696289,12.104787826538086,2480344
2023-06-15 20:00:00-04:00,12.3667573928833,14.543811798095703,12.149954795837402,13.658536911010742,5828909
2023-06-19 20:00:00-04:00,13.821138381958008,16.016260147094727,13.794037818908691,15.221319198608398,11335016
2023-06-20 20:00:00-04:00,15.853658676147461,16.838302612304688,15.826558113098145,16.007226943969727,10592994
2023-06-21 20:00:00-04:00,16.269195556640625,16.793134689331055,15.817524909973145,16.260162353515625,5400610
2023-06-22 20:00:00-04:00,16.305330276489258,17.651309967041016,15.98915958404541,17.335140228271484,7188747
2023-06-25 20:00:00-04:00,17.15447235107422,17.68744468688965,16.10569190979004,16.42276382446289,5642379
2023-06-26 20:00:00-04:00,16.684734344482422,17.660343170166016,16.60343360900879,17.588075637817383,5123528
2023-06-27 20:00:00-04:00,17.29900550842285,17.597108840942383,16.711833953857422,16.811201095581055,4743495
2023-06-28 20:00:00-04:00,17.16350555419922,17.705509185791016,17.16350555419922,17.660343170166016,2824732
2023-06-29 20:00:00-04:00,17.940378189086914,18.03071403503418,16.07949447631836,17.335140228271484,8164568
2023-07-02 20:00:00-04:00,17.434507369995117,18.834688186645508,17.371274948120117,18.473350524902344,3535979
2023-07-04 20:00:00-04:00,18.247516632080078,18.491418838500977,17.976512908935547,18.193315505981445,3773099
2023-07-05 20:00:00-04:00,18.292682647705078,18.36495018005371,17.398374557495117,18.139114379882812,3097940
2023-07-06 20:00:00-04:00,17.994579315185547,18.446250915527344,17.868112564086914,17.895212173461914,2810562
2023-07-09 20:00:00-04:00,17.886178970336914,18.093948364257812,17.16350555419922,18.05781364440918,2988568
2023-07-10 20:00:00-04:00,17.967479705810547,18.315265655517578,17.895212173461914,18.003612518310547,3243842
2023-07-11 20:00:00-04:00,18.06684684753418,18.392051696777344,17.72357749938965,17.79584503173828,3836973
2023-07-12 20:00:00-04:00,17.922313690185547,19.7651309967041,17.922313690185547,19.313459396362305,9484997
2023-07-13 20:00:00-04:00,19.087623596191406,19.385726928710938,17.53387451171875,17.84101104736328,7041516
2023-07-16 20:00:00-04:00,17.940378189086914,18.554651260375977,17.79584503173828,17.994579315185547,3726605
2023-07-17 20:00:00-04:00,17.949413299560547,18.33785057067871,17.560976028442383,17.80487823486328,6534068
2023-07-18 20:00:00-04:00,17.913278579711914,18.292682647705078,17.904245376586914,18.139114379882812,2428426
2023-07-19 20:00:00-04:00,18.292682647705078,18.38301658630371,17.597108840942383,17.69647789001465,3428047
2023-07-20 20:00:00-04:00,17.74164390563965,18.04878044128418,17.705509185791016,17.953929901123047,1721828
2023-07-23 20:00:00-04:00,17.53387451171875,17.660343170166016,16.93766975402832,17.344173431396484,3529780
2023-07-24 20:00:00-04:00,17.29900550842285,17.542909622192383,17.25383949279785,17.317073822021484,1802528
2023-07-25 20:00:00-04:00,17.344173431396484,17.52484130859375,17.27190589904785,17.398374557495117,1389728
2023-07-26 20:00:00-04:00,17.46160888671875,17.542909622192383,16.576332092285156,16.61246681213379,3064065
2023-07-27 20:00:00-04:00,16.757001876831055,17.127370834350586,16.666667938232422,16.91508674621582,2400419
2023-07-30 20:00:00-04:00,17.037036895751953,17.317073822021484,16.96476936340332,17.28093910217285,2073632
2023-07-31 20:00:00-04:00,16.97380256652832,17.27190589904785,16.54742431640625,17.19963836669922,3051888
2023-08-01 20:00:00-04:00,17.22673988342285,17.389341354370117,16.820234298706055,17.308040618896484,3028309
2023-08-02 20:00:00-04:00,17.27190589904785,17.77777862548828,17.118337631225586,17.434507369995117,2651597
2023-08-03 20:00:00-04:00,17.335140228271484,17.68744468688965,17.27190589904785,17.362239837646484,1651755
2023-08-06 20:00:00-04:00,17.344173431396484,17.398374557495117,16.98283576965332,17.308040618896484,2605989
2023-08-07 20:00:00-04:00,17.560976028442383,18.283649444580078,17.344173431396484,18.148147583007812,3758708
2023-08-08 20:00:00-04:00,18.184282302856445,18.509485244750977,17.705509185791016,17.76874351501465,3473766
2023-08-09 20:00:00-04:00,17.886178970336914,18.283649444580078,17.84101104736328,17.886178970336914,2449127
2023-08-10 20:00:00-04:00,17.913278579711914,18.292682647705078,17.85004425048828,17.904245376586914,1988061
2023-08-13 20:00:00-04:00,17.904245376586914,18.464317321777344,17.84101104736328,18.175247192382812,3008937
2023-08-14 20:00:00-04:00,18.121047973632812,18.473350524902344,17.74164390563965,17.75971031188965,2772592
2023-08-15 20:00:00-04:00,17.75067710876465,17.85004425048828,17.398374557495117,17.579042434692383,2990007
2023-08-16 20:00:00-04:00,17.29900550842285,17.705509185791016,16.485998153686523,16.74164390563965,5046481
2023-08-17 20:00:00-04:00,16.07046127319336,16.359529495239258,15.356820106506348,15.718156814575195,5125299
2023-08-20 20:00:00-04:00,15.736224174499512,15.790425300598145,15.392953872680664,15.54652214050293,2636099
2023-08-21 20:00:00-04:00,15.54652214050293,15.709123611450195,15.356820106506348,15.356820106506348,2045515
2023-08-22 20:00:00-04:00,15.383920669555664,16.44083023071289,15.383920669555664,16.431798934936523,2752888
2023-08-23 20:00:00-04:00,16.323396682739258,16.36856460571289,15.808490753173828,15.97109317779541,1598508
2023-08-24 20:00:00-04:00,16.133695602416992,16.323396682739258,15.600723266601562,15.672989845275879,2012083
2023-08-27 20:00:00-04:00,15.763323783874512,16.034326553344727,15.745257377624512,15.880759239196777,1316998
2023-08-28 20:00:00-04:00,15.953025817871094,19.15989112854004,15.925926208496094,18.57271957397461,21647606
2023-08-29 20:00:00-04:00,18.274616241455078,18.428184509277344,17.660343170166016,17.80487823486328,5856141
2023-08-30 20:00:00-04:00,17.83197784423828,18.04878044128418,16.711833953857422,16.90153694152832,5328212
2023-08-31 20:00:00-04:00,16.757001876831055,16.883468627929688,16.41373062133789,16.693767547607422,2525842
2023-09-04 20:00:00-04:00,16.64859962463379,16.93766975402832,16.62150001525879,16.757001876831055,2022821
2023-09-05 20:00:00-04:00,16.766033172607422,17.145437240600586,16.485998153686523,16.802167892456055,2343851
2023-09-06 20:00:00-04:00,16.720867156982422,17.470640182495117,16.62150001525879,17.434507369995117,2293151
2023-09-07 20:00:00-04:00,17.380306243896484,17.624210357666016,17.339656829833984,17.434507369995117,2464293
2023-09-10 20:00:00-04:00,17.344173431396484,17.470640182495117,16.757001876831055,16.847335815429688,2329792
2023-09-11 20:00:00-04:00,17.49774169921875,17.68744468688965,17.25383949279785,17.398374557495117,2664106
2023-09-12 20:00:00-04:00,17.50677490234375,17.84101104736328,17.27190589904785,17.353206634521484,2030792
2023-09-13 20:00:00-04:00,17.705509185791016,17.877145767211914,17.50677490234375,17.579042434692383,1892638
2023-09-14 20:00:00-04:00,17.434507369995117,17.560976028442383,17.109304428100586,17.398374557495117,1080986
2023-09-17 20:00:00-04:00,17.859079360961914,17.985546112060547,17.362239837646484,17.371274948120117,2977719
2023-09-18 20:00:00-04:00,17.642276763916016,17.958446502685547,17.443540573120117,17.922313690185547,2357689
2023-09-19 20:00:00-04:00,17.958446502685547,17.971996307373047,17.425474166870117,17.542909622192383,2050053
2023-09-20 20:00:00-04:00,17.24480628967285,17.362239837646484,16.98283576965332,17.16350555419922,1771754
2023-09-21 20:00:00-04:00,17.20867156982422,17.25383949279785,17.028003692626953,17.073171615600586,1023311
2023-09-24 20:00:00-04:00,16.95573616027832,16.96025276184082,16.61246681213379,16.666667938232422,1725924
2023-09-25 20:00:00-04:00,16.576332092285156,16.594398498535156,16.296295166015625,16.41373062133789,1757805
2023-09-26 20:00:00-04:00,16.775068283081055,16.802167892456055,16.350496292114258,16.37759780883789,1692271
2023-09-27 20:00:00-04:00,16.495031356811523,17.353206634521484,16.44083023071289,17.16350555419922,3096058
2023-09-28 20:00:00-04:00,17.18157196044922,17.371274948120117,17.082204818725586,17.335140228271484,1532309
2023-10-01 20:00:00-04:00,18.06684684753418,18.283649444580078,17.470640182495117,17.570009231567383,3183953
2023-10-02 20:00:00-04:00,17.443540573120117,17.781391143798828,17.335140228271484,17.74164390563965,2255623
2023-10-03 20:00:00-04:00,17.931346893310547,18.292682647705078,17.651309967041016,18.193315505981445,3115762
2023-10-04 20:00:00-04:00,18.37398338317871,18.654020309448242,18.202348709106445,18.202348709106445,3347457
2023-10-05 20:00:00-04:00,18.08491325378418,18.825654983520508,18.07588005065918,18.726287841796875,2165624
2023-10-08 20:00:00-04:00,18.33785057067871,18.843721389770508,18.292682647705078,18.518518447875977,2073632
2023-10-09 20:00:00-04:00,18.473350524902344,18.807588577270508,18.392051696777344,18.59078598022461,2618387
2023-10-10 20:00:00-04:00,18.401084899902344,18.509485244750977,17.904245376586914,18.130081176757812,2500492
2023-10-11 20:00:00-04:00,18.139114379882812,18.247516632080078,17.922313690185547,18.08491325378418,1761348
2023-10-12 20:00:00-04:00,18.229448318481445,18.473350524902344,18.02619743347168,18.283649444580078,2448684
2023-10-15 20:00:00-04:00,20.32520294189453,21.237579345703125,19.277326583862305,19.69286346435547,9483226
2023-10-16 20:00:00-04:00,19.7380313873291,20.31616973876953,19.620595932006836,20.01806640625,3070154
2023-10-17 20:00:00-04:00,20.108400344848633,20.397470474243164,19.797651290893555,20.060523986816406,3362845
2023-10-18 20:00:00-04:00,20.063234329223633,20.740741729736328,19.882564544677734,20.28003692626953,4414827
2023-10-19 20:00:00-04:00,20.776874542236328,21.526649475097656,20.740741729736328,21.35501480102539,6911222
2023-10-22 20:00:00-04:00,21.93315315246582,22.339656829833984,21.607948303222656,22.317073822021484,8417185
2023-10-23 20:00:00-04:00,24.173442840576172,24.43541145324707,23.08039665222168,23.63143539428711,10131596
2023-10-24 20:00:00-04:00,23.91147232055664,24.7651309967041,23.667570114135742,24.200542449951172,5491495
2023-10-25 20:00:00-04:00,23.88437271118164,23.938573837280273,22.908761978149414,23.279132843017578,5898317
2023-10-26 20:00:00-04:00,23.36043357849121,23.848237991333008,22.448057174682617,22.646793365478516,4404532
2023-10-29 20:00:00-04:00,23.215898513793945,24.363143920898438,23.215898513793945,23.92050552368164,5207439
2023-10-30 20:00:00-04:00,23.938573837280273,24.236675262451172,23.60433578491211,24.173442840576172,3255576
2023-10-31 20:00:00-04:00,24.390243530273438,24.634145736694336,24.12827491760254,24.290876388549805,3872950
2023-11-01 20:00:00-04:00,24.7515811920166,24.878049850463867,24.281843185424805,24.54200553894043,4561283
2023-11-02 20:00:00-04:00,24.40831184387207,25.140018463134766,23.983739852905273,24.43541145324707,3479080
2023-11-05 19:00:00-05:00,24.68834686279297,24.932249069213867,24.299909591674805,24.345077514648438,3182736
2023-11-06 19:00:00-05:00,24.16440773010254,25.51942253112793,24.010839462280273,25.383920669555664,4185456
2023-11-07 19:00:00-05:00,25.2213191986084,25.2755184173584,24.557361602783203,25.112918853759766,4209368
2023-11-08 19:00:00-05:00,26.44986343383789,27.145437240600586,25.763324737548828,26.278228759765625,8729359
2023-11-09 19:00:00-05:00,26.513097763061523,27.127370834350586,26.42276382446289,27.07588005065918,5892229
2023-11-12 19:00:00-05:00,27.00090217590332,27.046070098876953,26.196929931640625,26.251129150390625,3569079
2023-11-13 19:00:00-05:00,26.214994430541992,26.829267501831055,24.66124725341797,24.7696475982666,6010124
2023-11-14 19:00:00-05:00,25.29358673095703,26.90153694152832,25.29358673095703,26.883468627929688,5134709
2023-11-15 19:00:00-05:00,26.784101486206055,26.856369018554688,25.790424346923828,26.183378219604492,5537325
2023-11-16 19:00:00-05:00,26.314363479614258,26.42276382446289,25.59168815612793,26.187894821166992,3276941
2023-11-19 19:00:00-05:00,26.37759780883789,27.22673988342285,26.242095947265625,26.910568237304688,4352060
2023-11-20 19:00:00-05:00,26.594398498535156,27.091238021850586,26.278228759765625,26.37759780883789,4642758
2023-11-21 19:00:00-05:00,26.341463088989258,27.542909622192383,26.287263870239258,27.50677490234375,3582806
2023-11-23 19:00:00-05:00,27.443540573120117,28.437217712402344,27.434507369995117,28.193315505981445,3831216
2023-11-26 19:00:00-05:00,27.416440963745117,27.68744468688965,26.991870880126953,27.19512176513672,4425343
2023-11-27 19:00:00-05:00,27.53387451171875,28.59078598022461,27.416440963745117,28.464317321777344,4128114
2023-11-28 19:00:00-05:00,28.491418838500977,28.545618057250977,28.003612518310547,28.019874572753906,4704086
2023-11-29 19:00:00-05:00,27.75067710876465,27.90334129333496,27.109304428100586,27.321590423583984,3899186
2023-11-30 19:00:00-05:00,27.77777862548828,28.681119918823242,27.71002769470215,28.663053512573242,5542970
2023-12-03 19:00:00-05:00,30.153568267822266,30.487804412841797,29.078590393066406,30.384824752807617,7333322
2023-12-04 19:00:00-05:00,30.53297233581543,32.592594146728516,30.442638397216797,31.707317352294922,9222860
2023-12-05 19:00:00-05:00,32.00542068481445,32.728092193603516,31.481481552124023,31.544715881347656,6564399
2023-12-06 19:00:00-05:00,31.373079299926758,31.680217742919922,30.29810333251953,30.627822875976562,7665754
2023-12-07 19:00:00-05:00,31.029809951782227,32.08671951293945,30.984643936157227,32.07768630981445,4085605
2023-12-10 19:00:00-05:00,30.28003692626953,30.487804412841797,28.843721389770508,29.322492599487305,8279142
2023-12-11 19:00:00-05:00,29.7560977935791,30.34326934814453,29.638662338256836,30.189701080322266,4883531
2023-12-12 19:00:00-05:00,30.2348690032959,32.17705535888672,30.171634674072266,32.14995574951172,6876905
2023-12-13 19:00:00-05:00,31.806684494018555,31.91508674621582,31.091238021850586,31.526649475097656,5826695
2023-12-14 19:00:00-05:00,31.029809951782227,31.07497787475586,30.072267532348633,30.803974151611328,4650728
2023-12-17 19:00:00-05:00,30.171634674072266,31.214994430541992,30.162601470947266,31.201444625854492,5826695
2023-12-18 19:00:00-05:00,31.553749084472656,31.743450164794922,31.165311813354492,31.557361602783203,4562611
2023-12-19 19:00:00-05:00,32.52032470703125,33.02619552612305,32.21318817138672,32.366756439208984,5818171
2023-12-20 19:00:00-05:00,32.737125396728516,32.88166046142578,32.366756439208984,32.78681182861328,3552142
2023-12-21 19:00:00-05:00,32.610660552978516,33.477867126464844,32.592594146728516,33.34236526489258,4507483
2023-12-25 19:00:00-05:00,32.700992584228516,32.77326202392578,31.66214942932129,32.20415496826172,5622674
2023-12-26 19:00:00-05:00,32.592594146728516,33.01716232299805,32.574527740478516,32.74616241455078,7453652
2023-12-27 19:00:00-05:00,32.14092254638672,32.71906280517578,31.40921401977539,31.445348739624023,9028249
2023-12-28 19:00:00-05:00,31.61698341369629,32.339656829833984,30.668472290039062,31.273712158203125,7024026
2024-01-01 19:00:00-05:00,33.658538818359375,33.92953872680664,33.08943176269531,33.28816604614258,10154068
2024-01-02 19:00:00-05:00,31.327913284301758,32.402889251708984,31.300813674926758,32.11381912231445,6466098
2024-01-03 19:00:00-05:00,32.646793365478516,33.87172317504883,32.375789642333984,33.64950180053711,7201256
2024-01-04 19:00:00-05:00,33.432701110839844,33.685638427734375,32.52935791015625,33.571815490722656,5521937
2024-01-07 19:00:00-05:00,34.20054244995117,35.4381217956543,32.88166046142578,35.230350494384766,12591018
2024-01-08 19:00:00-05:00,35.230350494384766,36.03432846069336,35.081302642822266,35.230350494384766,10569968
2024-01-09 19:00:00-05:00,34.5167121887207,37.03703689575195,33.92050552368164,36.58175277709961,17245842
2024-01-10 19:00:00-05:00,38.16621398925781,39.29539489746094,36.260162353515625,36.75699996948242,62378454
2024-01-11 19:00:00-05:00,36.48599624633789,36.558265686035156,34.119239807128906,34.850948333740234,52550065
2024-01-15 19:00:00-05:00,34.18247604370117,34.714542388916016,33.45709228515625,34.6160774230957,29135797
2024-01-16 19:00:00-05:00,34.019874572753906,34.41734313964844,33.803070068359375,34.27280807495117,40800699
2024-01-17 19:00:00-05:00,34.101173400878906,34.37217712402344,32.56549072265625,32.78229522705078,32340562
2024-01-18 19:00:00-05:00,32.92683029174805,33.87082290649414,32.339656829833984,33.432701110839844,41266082
2024-01-21 19:00:00-05:00,32.646793365478516,32.80849075317383,31.64408302307129,32.357723236083984,33367305
2024-01-22 19:00:00-05:00,31.183378219604492,31.865402221679688,30.993677139282227,31.508581161499023,24222046
2024-01-23 19:00:00-05:00,32.17705535888672,32.357723236083984,31.815717697143555,31.860885620117188,19155528
2024-01-24 19:00:00-05:00,32.17705535888672,32.285457611083984,31.829267501831055,32.01445388793945,15664382
2024-01-25 19:00:00-05:00,33.14363098144531,34.065040588378906,33.11653137207031,33.88437271118164,19489399
2024-01-28 19:00:00-05:00,33.83017349243164,34.932247161865234,33.708221435546875,34.787715911865234,16566919
2024-01-29 19:00:00-05:00,34.9954833984375,35.27100372314453,34.859981536865234,35.112918853759766,11329259
2024-01-30 19:00:00-05:00,34.42637634277344,35.29810333251953,34.25474166870117,34.31797790527344,14404505
2024-01-31 19:00:00-05:00,34.18247604370117,34.896114349365234,34.146339416503906,34.69738006591797,8443200
2024-02-01 19:00:00-05:00,34.46250915527344,35.045166015625,34.42637634277344,34.63414764404297,10870408
2024-02-04 19:00:00-05:00,34.9412841796875,35.0045166015625,34.083106994628906,34.18247604370117,7073951
2024-02-05 19:00:00-05:00,34.5889778137207,34.990966796875,34.5483283996582,34.75157928466797,7505239
2024-02-06 19:00:00-05:00,34.769649505615234,35.70912551879883,34.5934944152832,35.61878967285156,9471603
2024-02-07 19:00:00-05:00,36.37759780883789,36.80216979980469,36.196929931640625,36.74796676635742,10182740
2024-02-08 19:00:00-05:00,37.89521026611328,38.92502212524414,37.75067901611328,38.373985290527344,13838496
2024-02-11 19:00:00-05:00,38.84372329711914,40.67750549316406,38.84372329711914,40.5239372253418,11715160
2024-02-12 19:00:00-05:00,39.4941291809082,39.936767578125,39.006324768066406,39.846431732177734,10034844
2024-02-13 19:00:00-05:00,41.73441696166992,42.06865310668945,41.31797790527344,41.72538375854492,14888154
2024-02-14 19:00:00-05:00,42.312557220458984,42.691959381103516,41.639564514160156,41.71635055541992,15054425
2024-02-15 19:00:00-05:00,42.13188934326172,42.330623626708984,41.65311813354492,41.80668640136719,13996908
2024-02-19 19:00:00-05:00,42.17705535888672,42.24028778076172,40.939476013183594,41.92411804199219,14786531
2024-02-20 19:00:00-05:00,41.02077865600586,41.46341323852539,40.77687454223633,41.08401107788086,8304603
2024-02-21 19:00:00-05:00,41.183380126953125,42.00542068481445,41.12917709350586,41.95122146606445,8318441
2024-02-22 19:00:00-05:00,41.309844970703125,41.38211441040039,40.82204055786133,41.183380126953125,7738594
2024-02-25 19:00:00-05:00,41.43631362915039,44.31797790527344,41.42637634277344,43.92953872680664,19249070
2024-02-26 19:00:00-05:00,45.916893005371094,46.476966857910156,45.35681915283203,45.934959411621094,17428829
2024-02-27 19:00:00-05:00,48.54561996459961,51.89701843261719,47.606143951416016,48.62691879272461,37966226
2024-02-28 19:00:00-05:00,51.06594467163086,51.318878173828125,48.664859771728516,50.0,27405556
2024-02-29 19:00:00-05:00,50.34326934814453,51.03432846069336,49.33152770996094,50.84010696411133,25945202
2024-03-03 19:00:00-05:00,52.80036163330078,54.832881927490234,52.74616241455078,54.5438117980957,33299667
2024-03-04 19:00:00-05:00,54.5709114074707,55.998191833496094,48.19331359863281,49.891597747802734,59204906
2024-03-05 19:00:00-05:00,53.87533950805664,54.5167121887207,52.664859771728516,54.019874572753906,21232924
2024-03-06 19:00:00-05:00,54.35411071777344,54.9774169921875,53.748870849609375,54.6070442199707,27414634
2024-03-07 19:00:00-05:00,54.9503173828125,56.76603317260742,53.360435485839844,55.916893005371094,30693457
2024-03-10 20:00:00-04:00,58.33784866333008,58.798553466796875,57.54290771484375,58.10298156738281,31736362
2024-03-11 20:00:00-04:00,58.30171585083008,59.024391174316406,55.34778594970703,57.51580810546875,31681897
2024-03-12 20:00:00-04:00,58.61788558959961,59.26829147338867,57.79584503173828,59.24119186401367,21807014
2024-03-13 20:00:00-04:00,58.56368637084961,58.62691879272461,55.085819244384766,55.82655715942383,35158763
2024-03-14 20:00:00-04:00,54.5799446105957,56.92863464355469,54.29087448120117,55.64588928222656,23878211
2024-03-17 20:00:00-04:00,54.73351287841797,55.22583770751953,53.57723617553711,53.821136474609375,19745891
2024-03-18 20:00:00-04:00,51.318878173828125,52.99006271362305,50.126468658447266,51.86088562011719,28688459
2024-03-19 20:00:00-04:00,51.05691146850586,53.20686340332031,50.0,53.07136535644531,24181751
2024-03-20 20:00:00-04:00,54.48870849609375,54.4986457824707,52.24932098388672,52.49322509765625,21827937
2024-03-21 20:00:00-04:00,51.69828414916992,51.82475280761719,50.4426383972168,51.47244644165039,12852270
2024-03-24 20:00:00-04:00,53.94760513305664,57.317073822021484,53.94760513305664,57.21770477294922,27261203
2024-03-25 20:00:00-04:00,57.05510330200195,57.18157196044922,55.81752395629883,55.943992614746094,13888311
2024-03-26 20:00:00-04:00,57.678409576416016,57.82294464111328,55.067752838134766,55.27552032470703,17876832
2024-03-27 20:00:00-04:00,57.25383758544922,57.82294464111328,56.79313659667969,57.06413650512695,13182156
2024-03-31 20:00:00-04:00,56.44083023071289,56.522132873535156,54.841915130615234,56.16982650756836,14359783
2024-04-01 20:00:00-04:00,52.26738739013672,53.401084899902344,51.96025466918945,53.02619552612305,11550438
2024-04-02 20:00:00-04:00,52.92683029174805,53.90243911743164,52.75519561767578,52.97199630737305,9063784
2024-04-03 20:00:00-04:00,54.16440963745117,55.862693786621094,54.037940979003906,55.140018463134766,15228335
2024-04-04 20:00:00-04:00,53.88437271118164,55.230350494384766,53.794036865234375,54.19150924682617,10230341
2024-04-07 20:00:00-04:00,58.08491516113281,58.13008117675781,57.312557220458984,57.77777862548828,12028219
2024-04-08 20:00:00-04:00,56.84733581542969,57.13640594482422,54.905147552490234,55.5103874206543,12200801
2024-04-09 20:00:00-04:00,54.44444274902344,56.43179702758789,54.28184127807617,56.43179702758789,11161328
2024-04-10 20:00:00-04:00,56.96477127075195,57.07316970825195,55.953025817871094,56.72086715698242,11421694
2024-04-11 20:00:00-04:00,56.44986343383789,56.585365295410156,52.42999267578125,53.794036865234375,21847752
2024-04-14 20:00:00-04:00,53.27009963989258,53.55013656616211,50.144535064697266,50.930442810058594,15238519
2024-04-15 20:00:00-04:00,50.867210388183594,50.993675231933594,49.63866424560547,50.4787712097168,10474877
2024-04-16 20:00:00-04:00,50.212284088134766,50.69557571411133,47.97651290893555,49.060523986816406,15576597
2024-04-17 20:00:00-04:00,50.29810333251953,51.66215133666992,49.792232513427734,51.11111068725586,10965167
2024-04-18 20:00:00-04:00,52.08671951293945,52.41644287109375,51.14724349975586,51.77054977416992,9666767
2024-04-21 20:00:00-04:00,53.17073059082031,53.821136474609375,52.85456085205078,53.53207015991211,8314234
2024-04-22 20:00:00-04:00,53.24300003051758,54.046974182128906,53.17976379394531,53.486900329589844,4191213
2024-04-23 20:00:00-04:00,53.08943176269531,53.360435485839844,51.228546142578125,51.40018081665039,10109013
2024-04-24 20:00:00-04:00,50.80397415161133,52.22222137451172,50.549232482910156,52.03252029418945,9234483
2024-04-25 20:00:00-04:00,51.246612548828125,52.10478973388672,50.894309997558594,51.255645751953125,7379926
2024-04-28 20:00:00-04:00,50.27100372314453,50.83107376098633,49.61156463623047,50.64137268066406,5107809
2024-04-29 20:00:00-04:00,49.17795944213867,49.43089294433594,47.362239837646484,47.43450927734375,13271602
2024-04-30 20:00:00-04:00,46.35953140258789,47.75067901611328,45.4742546081543,45.74525833129883,15089628
2024-05-01 20:00:00-04:00,47.21770477294922,47.94941329956055,46.82023620605469,47.75067901611328,6420157
2024-05-02 20:00:00-04:00,49.26829147338867,50.099369049072266,49.23215866088867,49.972900390625,6955392
2024-05-05 20:00:00-04:00,51.10207748413086,51.66215133666992,50.4245719909668,50.80397415161133,7586935
2024-05-06 20:00:00-04:00,51.12014389038086,51.74345016479492,50.4878044128418,50.68653869628906,5789942
2024-05-07 20:00:00-04:00,49.828365325927734,50.5149040222168,49.64769744873047,49.954833984375,4612980
2024-05-08 20:00:00-04:00,49.29539489746094,50.4245719909668,48.90695571899414,50.198734283447266,7212769
2024-05-09 20:00:00-04:00,50.4697380065918,50.74977493286133,48.34688186645508,48.771453857421875,8681315
2024-05-12 20:00:00-04:00,50.5058708190918,51.02981185913086,50.28907012939453,50.75880813598633,3258565
2024-05-13 20:00:00-04:00,49.810298919677734,50.063232421875,49.096656799316406,49.4850959777832,4138077
2024-05-14 20:00:00-04:00,51.66215133666992,53.477867126464844,51.41824722290039,53.13459777832031,9112271
2024-05-15 20:00:00-04:00,53.09846496582031,53.441734313964844,51.92411804199219,52.411922454833984,4464199
2024-05-16 20:00:00-04:00,53.35139846801758,54.31797790527344,52.93586349487305,53.95663833618164,6102559
2024-05-19 20:00:00-04:00,53.87533950805664,56.44986343383789,53.658538818359375,56.36856460571289,8031728
2024-05-20 20:00:00-04:00,57.00993728637695,57.317073822021484,55.56459045410156,55.64588928222656,7196164
2024-05-21 20:00:00-04:00,56.05239486694336,56.83830261230469,55.61878967285156,55.962059020996094,4537814
2024-05-22 20:00:00-04:00,55.69105529785156,55.74525833129883,53.57723617553711,53.92953872680664,5287475
2024-05-23 20:00:00-04:00,54.17344284057617,55.78139114379883,53.775970458984375,55.58265686035156,4976629
2024-05-27 20:00:00-04:00,54.9503173828125,55.067752838134766,53.97470474243164,54.905147552490234,6774397
2024-05-28 20:00:00-04:00,54.44444274902344,54.5889778137207,53.87533950805664,53.93857192993164,4738181
2024-05-29 20:00:00-04:00,54.787715911865234,55.916893005371094,54.63414764404297,55.140018463134766,6186580
2024-05-30 20:00:00-04:00,55.140018463134766,55.230350494384766,53.441734313964844,54.28184127807617,6199532
2024-06-02 20:00:00-04:00,56.00722885131836,56.513099670410156,55.212284088134766,55.56459045410156,3557123
2024-06-03 20:00:00-04:00,55.79945755004883,57.14363098144531,55.60072326660156,56.567298889160156,6522001
2024-06-04 20:00:00-04:00,57.11833953857422,57.723575592041016,56.495033264160156,57.22673797607422,5357327
2024-06-05 20:00:00-04:00,57.13640594482422,57.57000732421875,56.522132873535156,56.576332092285156,4107745
2024-06-06 20:00:00-04:00,57.326107025146484,57.56097412109375,54.805782318115234,55.53749084472656,7660994
2024-06-09 20:00:00-04:00,55.59169006347656,56.35049819946289,55.5103874206543,55.76332473754883,2970745
2024-06-10 20:00:00-04:00,53.92953872680664,54.26377487182617,52.98102951049805,54.092140197753906,6086840
2024-06-11 20:00:00-04:00,55.60072326660156,56.26829147338867,53.95663833618164,54.15537643432617,8219475
2024-06-12 20:00:00-04:00,54.59801483154297,54.823848724365234,53.09846496582031,53.423667907714844,5176221
2024-06-13 20:00:00-04:00,54.028907775878906,54.065040588378906,52.15898895263672,52.55645751953125,5596660
2024-06-16 20:00:00-04:00,52.673892974853516,53.983741760253906,52.17976379394531,53.486900329589844,3748081
2024-06-17 20:00:00-04:00,52.02348709106445,52.44354248046875,51.33694839477539,51.65311813354492,5416883
2024-06-19 20:00:00-04:00,52.42095947265625,52.540199279785156,51.744354248046875,52.14995574951172,3824353
2024-06-20 20:00:00-04:00,51.002708435058594,51.644081115722656,50.80397415161133,51.526649475097656,3406903
2024-06-23 20:00:00-04:00,49.105690002441406,49.4760627746582,47.289974212646484,47.52484130859375,9340202
2024-06-24 20:00:00-04:00,49.15085983276367,50.072265625,48.90695571899414,49.70189666748047,6869710
2024-06-25 20:00:00-04:00,49.37669372558594,49.74254608154297,48.681121826171875,48.89792251586914,2671080
2024-06-26 20:00:00-04:00,49.38572692871094,50.05419921875,49.20505905151367,49.25022506713867,2026806
2024-06-27 20:00:00-04:00,49.25925827026367,49.5889778137207,48.03071212768555,48.09394836425781,4273352
2024-06-30 20:00:00-04:00,50.4697380065918,51.219512939453125,50.090335845947266,50.66847229003906,3405575
2024-07-01 20:00:00-04:00,50.4065055847168,50.63233947753906,49.4850959777832,49.5844612121582,3710111
2024-07-02 20:00:00-04:00,48.32881546020508,48.681121826171875,48.01264572143555,48.473350524902344,1930055
2024-07-04 20:00:00-04:00,44.53839111328125,45.76332473754883,44.40830993652344,45.30261993408203,8666150
2024-07-07 20:00:00-04:00,45.87172317504883,46.00722885131836,44.078590393066406,45.24842071533203,7542766
2024-07-08 20:00:00-04:00,45.862693786621094,46.74796676635742,45.63685607910156,46.38663101196289,3756494
2024-07-09 20:00:00-04:00,46.46792984008789,46.540199279785156,45.953025817871094,45.998191833496094,3862766
2024-07-10 20:00:00-04:00,47.18157196044922,47.28093719482422,45.82655715942383,45.980125427246094,3999259
2024-07-11 20:00:00-04:00,46.12466049194336,46.96477127075195,46.09756088256836,46.196929931640625,3214728
2024-07-14 20:00:00-04:00,50.36133575439453,51.282745361328125,50.090335845947266,50.84914016723633,5382123
2024-07-15 20:00:00-04:00,51.246612548828125,52.330623626708984,50.589881896972656,52.25835418701172,3934610
2024-07-16 20:00:00-04:00,51.91508483886719,52.44805908203125,51.192413330078125,51.78861618041992,3654650
2024-07-17 20:00:00-04:00,52.00542068481445,52.09575271606445,50.68653869628906,50.948509216308594,3249266
2024-07-18 20:00:00-04:00,51.40921401977539,54.15537643432617,51.35501480102539,53.91147232055664,7433616
2024-07-21 20:00:00-04:00,54.20054244995117,54.75157928466797,53.36494827270508,54.70641326904297,3688524
2024-07-22 20:00:00-04:00,53.360435485839844,54.001808166503906,52.42999267578125,52.48419189453125,7246865
2024-07-23 20:00:00-04:00,53.423667907714844,53.812103271484375,52.52032470703125,52.601627349853516,4543792
2024-07-24 20:00:00-04:00,51.47244644165039,52.21318817138672,50.78590774536133,51.81571960449219,4431764
2024-07-25 20:00:00-04:00,54.028907775878906,54.65221405029297,53.61336898803711,54.4986457824707,4969987
2024-07-28 20:00:00-04:00,55.81752395629883,55.862693786621094,53.19783020019531,53.91147232055664,7812653
2024-07-29 20:00:00-04:00,53.220001220703125,53.41999816894531,52.27000045776367,52.599998474121094,4151700
2024-07-30 20:00:00-04:00,53.04999923706055,53.340999603271484,51.810001373291016,52.06999969482422,3050000
2024-07-31 20:00:00-04:00,51.560001373291016,51.77000045776367,49.650001525878906,50.529998779296875,6888900
2024-08-01 20:00:00-04:00,51.72999954223633,52.279998779296875,49.72999954223633,49.869998931884766,6189200
2024-08-04 20:00:00-04:00,39.65999984741211,44.33000183105469,39.560001373291016,42.619998931884766,16302700
2024-08-05 20:00:00-04:00,44.040000915527344,45.540000915527344,43.43000030517578,45.31999969482422,5892800
2024-08-06 20:00:00-04:00,45.66999816894531,45.900001525878906,43.59000015258789,43.66999816894531,6128500
2024-08-07 20:00:00-04:00,46.130001068115234,47.790000915527344,45.2400016784668,47.43000030517578,5556500
2024-08-08 20:00:00-04:00,48.20000076293945,48.7599983215332,47.47999954223633,48.40999984741211,5503100
2024-08-11 20:00:00-04:00,47.5099983215332,48.439998626708984,46.11000061035156,47.099998474121094,4964300
2024-08-12 20:00:00-04:00,47.040000915527344,49.15999984741211,46.970001220703125,48.5,3714300
2024-08-13 20:00:00-04:00,48.54999923706055,48.63999938964844,46.790000915527344,46.9900016784668,5539700
2024-08-14 20:00:00-04:00,47.18000030517578,47.75,45.209999084472656,45.5,6799100
2024-08-15 20:00:00-04:00,46.7400016784668,47.775001525878906,45.9900016784668,47.630001068115234,3963600
2024-08-18 20:00:00-04:00,46.88999938964844,47.310001373291016,46.33000183105469,47.02000045776367,1848400
2024-08-19 20:00:00-04:00,48.29999923706055,48.65999984741211,46.68000030517578,47.4900016784668,4563800
2024-08-20 20:00:00-04:00,47.380001068115234,49.18000030517578,46.939998626708984,49.119998931884766,3893900
2024-08-21 20:00:00-04:00,48.5,48.599998474121094,47.90999984741211,48.060001373291016,2281100
2024-08-22 20:00:00-04:00,48.72999954223633,50.97999954223633,48.5,50.790000915527344,6444500
2024-08-25 20:00:00-04:00,50.88999938964844,50.974998474121094,50.279998779296875,50.5,2794100
2024-08-26 20:00:00-04:00,49.779998779296875,49.810001373291016,48.97999954223633,49.5099983215332,2504800
2024-08-27 20:00:00-04:00,47.7400016784668,47.86000061035156,46.11000061035156,46.939998626708984,2658900
2024-08-28 20:00:00-04:00,48.0099983215332,48.77000045776367,46.939998626708984,47.209999084472656,2912500
2024-08-29 20:00:00-04:00,47.45000076293945,47.70000076293945,46.0,46.75,3175600
2024-09-02 20:00:00-04:00,47.09000015258789,47.130001068115234,45.84000015258789,46.20000076293945,4195800
2024-09-03 20:00:00-04:00,44.9900016784668,46.64500045776367,44.720001220703125,46.25,4725000
2024-09-04 20:00:00-04:00,45.165000915527344,45.630001068115234,44.43000030517578,44.65999984741211,3614700
2024-09-05 20:00:00-04:00,45.220001220703125,45.34000015258789,42.369998931884766,42.599998474121094,7082900
2024-09-08 20:00:00-04:00,44.119998931884766,45.599998474121094,43.64500045776367,45.5099983215332,4151800
2024-09-09 20:00:00-04:00,45.34000015258789,46.2599983215332,45.025001525878906,46.189998626708984,1827800
2024-09-10 20:00:00-04:00,45.27000045776367,46.220001220703125,44.2400016784668,45.900001525878906,3012500
2024-09-11 20:00:00-04:00,46.0,46.68000030517578,45.66999816894531,46.529998779296875,2354200
2024-09-12 20:00:00-04:00,46.0,47.88999938964844,45.970001220703125,47.63999938964844,3863500
2024-09-15 20:00:00-04:00,46.619998931884766,46.65999984741211,45.790000915527344,46.13999938964844,2926900
2024-09-16 20:00:00-04:00,47.189998626708984,48.91999816894531,46.90999984741211,47.77000045776367,4779900
2024-09-17 20:00:00-04:00,47.709999084472656,48.869998931884766,47.119998931884766,47.790000915527344,4158800
2024-09-18 20:00:00-04:00,50.40999984741211,50.90999984741211,49.915000915527344,50.380001068115234,2655100
2024-09-19 20:00:00-04:00,50.130001068115234,50.61000061035156,49.689998626708984,50.029998779296875,1700100
2024-09-22 20:00:00-04:00,50.439998626708984,50.849998474121094,50.22999954223633,50.40999984741211,1610800
2024-09-23 20:00:00-04:00,50.52000045776367,51.29999923706055,49.95000076293945,51.22999954223633,1970500
2024-09-24 20:00:00-04:00,50.59000015258789,50.9900016784668,50.13999938964844,50.29999923706055,1667700
2024-09-25 20:00:00-04:00,51.290000915527344,52.47999954223633,51.099998474121094,51.540000915527344,3321200
2024-09-26 20:00:00-04:00,52.310001373291016,53.040000915527344,52.08000183105469,52.310001373291016,3688400
2024-09-29 20:00:00-04:00,50.970001220703125,51.04399871826172,50.18000030517578,50.5,2099800
2024-09-30 20:00:00-04:00,50.470001220703125,50.529998779296875,48.56999969482422,49.119998931884766,4192600
2024-10-01 20:00:00-04:00,48.439998626708984,49.65999984741211,47.7599983215332,47.91999816894531,3649500
2024-10-02 20:00:00-04:00,48.16999816894531,48.595001220703125,47.66999816894531,48.58000183105469,3808600
2024-10-03 20:00:00-04:00,48.970001220703125,49.77000045776367,48.38999938964844,49.68000030517578,2155200
2024-10-06 20:00:00-04:00,50.220001220703125,51.349998474121094,49.95000076293945,50.439998626708984,2074900
2024-10-07 20:00:00-04:00,49.810001373291016,50.310001373291016,49.189998626708984,49.52000045776367,2464900
2024-10-08 20:00:00-04:00,49.2599983215332,49.63999938964844,48.349998474121094,48.52000045776367,1567400
2024-10-09 20:00:00-04:00,48.61000061035156,48.61000061035156,46.82500076293945,47.4900016784668,2189000
2024-10-10 20:00:00-04:00,48.86000061035156,50.540000915527344,48.856998443603516,50.27000045776367,3680700
2024-10-13 20:00:00-04:00,51.540000915527344,52.84000015258789,51.474998474121094,52.47999954223633,4026700
2024-10-14 20:00:00-04:00,52.439998626708984,54.150001525878906,51.57500076293945,53.29999923706055,4160500
2024-10-15 20:00:00-04:00,54.0,54.380001068115234,53.41999816894531,53.880001068115234,2113900
2024-10-16 20:00:00-04:00,53.29999923706055,53.880001068115234,53.040000915527344,53.15999984741211,6548700
2024-10-17 20:00:00-04:00,54.0,54.97999954223633,53.90999984741211,54.599998474121094,3412900
2024-10-20 20:00:00-04:00,54.029998779296875,54.040000915527344,53.130001068115234,53.88999938964844,3100200
2024-10-21 20:00:00-04:00,53.369998931884766,53.849998474121094,52.959999084472656,53.63999938964844,2316600
2024-10-22 20:00:00-04:00,52.900001525878906,53.189998626708984,51.834999084472656,52.83000183105469,2529800
2024-10-23 20:00:00-04:00,53.720001220703125,54.34000015258789,53.5099983215332,54.31999969482422,1619600
2024-10-24 20:00:00-04:00,54.099998474121094,54.72999954223633,52.369998931884766,53.09000015258789,3930400
2024-10-27 20:00:00-04:00,54.810001373291016,55.630001068115234,54.40999984741211,55.380001068115234,3854300
2024-10-28 20:00:00-04:00,56.619998931884766,58.599998474121094,56.400001525878906,57.66999816894531,6785900
2024-10-29 20:00:00-04:00,57.09000015258789,57.650001525878906,56.790000915527344,57.08000183105469,2144900
2024-10-30 20:00:00-04:00,57.25,57.27000045776367,55.540000915527344,55.61000061035156,4052300
2024-10-31 20:00:00-04:00,55.79999923706055,56.970001220703125,54.654998779296875,55.0099983215332,3813800
2024-11-03 19:00:00-05:00,54.52000045776367,54.66999816894531,53.369998931884766,53.4900016784668,2243400
2024-11-04 19:00:00-05:00,55.08000183105469,56.060001373291016,54.63999938964844,55.16999816894531,3396800
2024-11-05 19:00:00-05:00,59.04999923706055,60.90999984741211,58.459999084472656,60.599998474121094,7523500
2024-11-06 19:00:00-05:00,59.599998474121094,61.21500015258789,59.29499816894531,60.880001068115234,3196300
2024-11-07 19:00:00-05:00,60.66999816894531,61.560001373291016,60.20000076293945,61.04999923706055,2835200
2024-11-10 19:00:00-05:00,65.08000183105469,69.68000030517578,64.94000244140625,69.22000122070312,10665800
2024-11-11 19:00:00-05:00,68.4800033569336,71.58000183105469,67.77999877929688,71.2300033569336,6299900
2024-11-12 19:00:00-05:00,71.52999877929688,74.36000061035156,71.04000091552734,71.30999755859375,9413300
2024-11-13 19:00:00-05:00,72.58999633789062,73.01000213623047,69.44999694824219,69.5,5187700
2024-11-14 19:00:00-05:00,71.0,72.83499908447266,69.76000213623047,72.80999755859375,3609100
2024-11-17 19:00:00-05:00,71.87999725341797,73.70999908447266,71.29000091552734,72.7699966430664,4871200
2024-11-18 19:00:00-05:00,72.81999969482422,74.87000274658203,72.4800033569336,73.58000183105469,4303900
2024-11-19 19:00:00-05:00,75.05000305175781,75.55000305175781,74.05999755859375,74.98999786376953,5045800
2024-11-20 19:00:00-05:00,77.37000274658203,78.80999755859375,75.95999908447266,78.05000305175781,6899300
2024-11-21 19:00:00-05:00,77.66000366210938,79.33999633789062,77.22000122070312,78.87000274658203,5734900
2024-11-24 19:00:00-05:00,77.3499984741211,77.447998046875,74.94999694824219,75.41999816894531,5418900
2024-11-25 19:00:00-05:00,73.19999694824219,75.33999633789062,71.94000244140625,72.16999816894531,5434600
2024-11-26 19:00:00-05:00,75.1500015258789,77.41000366210938,74.9000015258789,76.81999969482422,3933900
2024-11-28 19:00:00-05:00,77.37000274658203,78.62000274658203,77.08999633789062,77.08999633789062,2967100
2024-12-01 19:00:00-05:00,76.20999908447266,77.47000122070312,74.95999908447266,76.02999877929688,3052200
2024-12-02 19:00:00-05:00,74.81999969482422,76.61000061035156,74.33000183105469,75.94999694824219,2141500
2024-12-03 19:00:00-05:00,76.0999984741211,78.94000244140625,75.16999816894531,78.69000244140625,5012200
2024-12-04 19:00:00-05:00,81.69999694824219,82.44000244140625,77.72000122070312,78.69000244140625,7263200
2024-12-05 19:00:00-05:00,78.94000244140625,81.12999725341797,78.37000274658203,80.69999694824219,3993600
2024-12-08 19:00:00-05:00,78.66999816894531,79.81999969482422,76.2300033569336,76.33000183105469,4216600
2024-12-09 19:00:00-05:00,77.83999633789062,78.0999984741211,74.80999755859375,76.55999755859375,4312700
2024-12-10 19:00:00-05:00,78.30999755859375,80.87000274658203,78.19000244140625,80.51000213623047,4241800
2024-12-11 19:00:00-05:00,80.52999877929688,81.5,78.81999969482422,79.41000366210938,3398700
2024-12-12 19:00:00-05:00,79.75,81.04000091552734,79.20999908447266,80.7699966430664,2857300
2024-12-15 19:00:00-05:00,82.8499984741211,85.70999908447266,82.77999877929688,84.0199966430664,5642700
2024-12-16 19:00:00-05:00,85.4800033569336,86.11000061035156,83.92500305175781,84.70999908447266,4491800
2024-12-17 19:00:00-05:00,83.12000274658203,83.33999633789062,79.31999969482422,79.80999755859375,5073100
2024-12-18 19:00:00-05:00,81.25,81.5999984741211,75.76000213623047,76.31999969482422,4570500
2024-12-19 19:00:00-05:00,75.43000030517578,77.62000274658203,75.26000213623047,76.47000122070312,4054500
2024-12-22 19:00:00-05:00,75.69000244140625,75.80999755859375,73.2300033569336,73.70999908447266,4284000
2024-12-23 19:00:00-05:00,76.79000091552734,78.6500015258789,76.54000091552734,78.44999694824219,1721200
2024-12-25 19:00:00-05:00,75.91999816894531,76.625,75.41999816894531,75.76000213623047,2332100
2024-12-26 19:00:00-05:00,76.33000183105469,76.44000244140625,73.94999694824219,74.87999725341797,4074800
2024-12-29 19:00:00-05:00,73.66000366210938,75.19999694824219,72.29000091552734,74.6500015258789,3935100
2024-12-30 19:00:00-05:00,75.91999816894531,76.30000305175781,73.80000305175781,74.0199966430664,2274700
2025-01-01 19:00:00-05:00,76.44000244140625,77.66000366210938,76.08999633789062,77.20999908447266,3269700
2025-01-02 19:00:00-05:00,77.05999755859375,78.6500015258789,76.6500015258789,78.0199966430664,2159300
2025-01-05 19:00:00-05:00,78.51000213623047,81.44000244140625,78.43000030517578,81.04000091552734,3665400
2025-01-06 19:00:00-05:00,79.9000015258789,79.98500061035156,76.1449966430664,76.44999694824219,3879500
2025-01-07 19:00:00-05:00,75.63999938964844,76.1500015258789,73.25,74.4800033569336,2670300
2025-01-09 19:00:00-05:00,74.8499984741211,76.02999877929688,73.11000061035156,75.08000183105469,3932400
2025-01-12 19:00:00-05:00,72.04000091552734,74.33999633789062,70.69999694824219,74.16000366210938,3120400
2025-01-13 19:00:00-05:00,76.69999694824219,77.11000061035156,75.58000183105469,76.47000122070312,2057000
2025-01-14 19:00:00-05:00,78.27999877929688,79.91000366210938,78.20999908447266,78.97000122070312,2764100
2025-01-15 19:00:00-05:00,78.7300033569336,79.79000091552734,77.0999984741211,79.55999755859375,2910100
2025-01-16 19:00:00-05:00,81.48999786376953,84.0999984741211,81.21499633789062,83.05000305175781,3808000
2025-01-20 19:00:00-05:00,83.33999633789062,85.05999755859375,81.4000015258789,84.12000274658203,3657000
2025-01-21 19:00:00-05:00,82.94999694824219,83.33999633789062,81.83999633789062,82.69999694824219,2374000
2025-01-22 19:00:00-05:00,81.12000274658203,84.70999908447266,81.05000305175781,81.9000015258789,9173200
2025-01-23 19:00:00-05:00,83.43000030517578,85.0199966430664,82.97000122070312,83.16999816894531,2570000
2025-01-26 19:00:00-05:00,79.86000061035156,81.06999969482422,78.20999908447266,80.25,3381600
2025-01-27 19:00:00-05:00,81.23999786376953,82.23999786376953,80.16000366210938,80.16999816894531,1991000
2025-01-28 19:00:00-05:00,80.9000015258789,83.08999633789062,80.31999969482422,82.58000183105469,2171700
2025-01-29 19:00:00-05:00,83.16000366210938,84.44999694824219,83.0250015258789,83.18000030517578,2022600
2025-01-30 19:00:00-05:00,82.94999694824219,84.08999633789062,80.37000274658203,80.41000366210938,2872400
2025-02-02 19:00:00-05:00,75.16000366210938,80.92500305175781,74.81999969482422,80.16999816894531,5103300
2025-02-03 19:00:00-05:00,78.6500015258789,79.93499755859375,77.61000061035156,78.19000244140625,2841800
2025-02-04 19:00:00-05:00,78.25,78.62000274658203,76.43000030517578,77.08000183105469,1989000
2025-02-05 19:00:00-05:00,77.91999816894531,78.41500091552734,75.77999877929688,76.77999877929688,2791900
2025-02-06 19:00:00-05:00,79.0,79.43000030517578,75.7300033569336,75.8499984741211,2830000
2025-02-09 19:00:00-05:00,77.4000015258789,77.6500015258789,76.69999694824219,77.08999633789062,1217800
2025-02-10 19:00:00-05:00,76.7300033569336,77.08000183105469,75.04000091552734,75.4000015258789,1225700
2025-02-11 19:00:00-05:00,74.93000030517578,77.3499984741211,74.80000305175781,76.80000305175781,1987900
2025-02-12 19:00:00-05:00,75.97000122070312,76.37999725341797,75.3550033569336,76.22000122070312,1434000
2025-02-13 19:00:00-05:00,76.47000122070312,78.44000244140625,76.2300033569336,77.01000213623047,2448100
2025-02-17 19:00:00-05:00,76.38999938964844,76.48500061035156,73.81999969482422,74.4800033569336,1819000
2025-02-18 19:00:00-05:00,76.27999877929688,76.56600189208984,75.51499938964844,76.08000183105469,1744700
2025-02-19 19:00:00-05:00,77.41000366210938,78.22000122070312,76.59500122070312,78.01000213623047,1790300
2025-02-20 19:00:00-05:00,78.4800033569336,78.70999908447266,74.9000015258789,75.05999755859375,3346100
2025-02-23 19:00:00-05:00,75.51000213623047,75.8499984741211,74.08000183105469,74.33999633789062,2079100
2025-02-24 19:00:00-05:00,70.52999877929688,70.55000305175781,67.78299713134766,69.62000274658203,6101400
2025-02-25 19:00:00-05:00,67.86000061035156,69.88999938964844,64.97000122070312,66.70999908447266,5418200
2025-02-26 19:00:00-05:00,68.26000213623047,68.30999755859375,65.30000305175781,65.94999694824219,2750400
2025-02-27 19:00:00-05:00,64.75,67.37899780273438,64.12000274658203,66.61000061035156,3901800
2025-03-02 19:00:00-05:00,73.72000122070312,73.79000091552734,67.33499908447266,68.02999877929688,4255700
2025-03-03 19:00:00-05:00,65.44999694824219,70.29000091552734,64.41000366210938,68.73999786376953,2764800
2025-03-04 19:00:00-05:00,70.98999786376953,71.63999938964844,69.26000213623047,71.55999755859375,2133500
2025-03-05 19:00:00-05:00,71.11000061035156,72.34400177001953,69.43000030517578,70.44000244140625,2159000
2025-03-06 19:00:00-05:00,70.47000122070312,72.08000183105469,68.41999816894531,68.79000091552734,3038600
2025-03-09 20:00:00-04:00,65.36000061035156,65.55000305175781,61.15999984741211,62.43000030517578,4065800
2025-03-10 20:00:00-04:00,64.37999725341797,66.12000274658203,62.48500061035156,65.69999694824219,2775100
2025-03-11 20:00:00-04:00,65.83999633789062,66.26000213623047,63.70000076293945,65.56999969482422,1938800
2025-03-12 20:00:00-04:00,65.55999755859375,65.7300033569336,63.14899826049805,63.380001068115234,1417400
2025-03-13 20:00:00-04:00,65.94999694824219,67.51000213623047,65.36499786376953,66.94999694824219,1980900
2025-03-16 20:00:00-04:00,65.52999877929688,67.02999877929688,65.19000244140625,66.80999755859375,1374600
2025-03-17 20:00:00-04:00,65.0999984741211,65.22000122070312,64.11000061035156,65.08000183105469,1486900
2025-03-18 20:00:00-04:00,66.37999725341797,68.01000213623047,66.0999984741211,67.58999633789062,1519200
2025-03-19 20:00:00-04:00,67.29000091552734,68.41000366210938,66.08999633789062,66.5,1251900
2025-03-20 20:00:00-04:00,66.12999725341797,66.7300033569336,65.70999908447266,66.31999969482422,916800
2025-03-23 20:00:00-04:00,69.0,70.20999908447266,68.95999908447266,69.7699966430664,1593700
2025-03-24 20:00:00-04:00,69.30999755859375,69.86000061035156,68.8499984741211,69.72000122070312,838000
2025-03-25 20:00:00-04:00,69.18000030517578,69.52999877929688,67.83499908447266,68.41000366210938,1129600
2025-03-26 20:00:00-04:00,68.23999786376953,69.22000122070312,67.83000183105469,68.80000305175781,1117500
2025-03-27 20:00:00-04:00,67.4000015258789,67.62000274658203,65.98999786376953,66.18000030517578,1544800
2025-03-30 20:00:00-04:00,65.20999908447266,66.30000305175781,64.48999786376953,65.16999816894531,1425000
2025-03-31 20:00:00-04:00,66.12999725341797,67.62000274658203,65.16000366210938,67.16000366210938,1299000
2025-04-01 20:00:00-04:00,66.87999725341797,69.06999969482422,66.7699966430664,68.69999694824219,1719500
2025-04-02 20:00:00-04:00,64.73999786376953,65.37999725341797,64.11000061035156,64.76000213623047,2779400
2025-04-03 20:00:00-04:00,65.27999877929688,66.87000274658203,64.58000183105469,66.31999969482422,4094800
2025-04-06 20:00:00-04:00,60.68000030517578,64.16000366210938,59.790000915527344,61.59000015258789,7545500
2025-04-07 20:00:00-04:00,63.29999923706055,63.45000076293945,60.18000030517578,60.61000061035156,2765400
2025-04-08 20:00:00-04:00,60.54999923706055,65.55999755859375,60.52000045776367,65.04000091552734,5654500
2025-04-09 20:00:00-04:00,64.51000213623047,64.61000061035156,61.869998931884766,62.81999969482422,3040600
2025-04-10 20:00:00-04:00,64.87000274658203,66.52999877929688,64.19999694824219,66.2699966430664,2072500
2025-04-13 20:00:00-04:00,67.08000183105469,67.80999755859375,66.12999725341797,67.12000274658203,1438100
2025-04-14 20:00:00-04:00,67.83000183105469,68.3499984741211,66.26000213623047,66.37999725341797,1140900
2025-04-15 20:00:00-04:00,66.11000061035156,67.55999755859375,65.79000091552734,66.62000274658203,1535000
2025-04-16 20:00:00-04:00,66.86000061035156,67.55999755859375,66.1500015258789,67.08999633789062,1068200
2025-04-20 20:00:00-04:00,68.88999938964844,70.0199966430664,68.25,69.05999755859375,2550200
2025-04-21 20:00:00-04:00,70.81999969482422,72.55000305175781,70.6500015258789,72.29000091552734,3514900
2025-04-22 20:00:00-04:00,74.29000091552734,74.80000305175781,72.5999984741211,73.83999633789062,2387400
2025-04-23 20:00:00-04:00,73.23999786376953,74.0,73.125,73.91999816894531,1388000
2025-04-24 20:00:00-04:00,74.44999694824219,75.75,74.26000213623047,75.33999633789062,1931200
2025-04-27 20:00:00-04:00,75.11499786376953,75.20999908447266,73.75499725341797,74.80999755859375,2181900
2025-04-28 20:00:00-04:00,74.90499877929688,75.4000015258789,74.63999938964844,75.25,830300
2025-04-29 20:00:00-04:00,74.58000183105469,74.62000274658203,73.2699966430664,74.2699966430664,1770500
2025-04-30 20:00:00-04:00,76.30999755859375,77.0199966430664,75.68000030517578,76.22000122070312,1583400
2025-05-01 20:00:00-04:00,76.58999633789062,77.33000183105469,76.33999633789062,76.55000305175781,1204100
2025-05-04 20:00:00-04:00,74.36000061035156,74.9000015258789,73.8550033569336,74.41999816894531,1082400
2025-05-05 20:00:00-04:00,73.93000030517578,75.08999633789062,73.62000274658203,74.93000030517578,1103500
2025-05-06 20:00:00-04:00,76.38999938964844,76.95999908447266,75.58999633789062,75.9000015258789,1053400
2025-05-07 20:00:00-04:00,78.45999908447266,80.25,78.19000244140625,79.9800033569336,1969500
2025-05-08 20:00:00-04:00,81.25,81.88999938964844,80.72000122070312,81.47000122070312,1735800
2025-05-11 20:00:00-04:00,82.13999938964844,82.5199966430664,79.44999694824219,80.33000183105469,2806500
2025-05-12 20:00:00-04:00,81.88999938964844,82.88999938964844,81.16000366210938,82.7300033569336,2287900
2025-05-13 20:00:00-04:00,82.1050033569336,82.3499984741211,80.94000244140625,81.5199966430664,1337200
2025-05-14 20:00:00-04:00,80.94000244140625,82.20999908447266,79.94999694824219,81.37999725341797,1944800
2025-05-15 20:00:00-04:00,81.69499969482422,82.54000091552734,81.55000305175781,82.12999725341797,1679900
2025-05-18 20:00:00-04:00,80.8499984741211,83.31800079345703,80.79000091552734,83.23999786376953,1759500
2025-05-19 20:00:00-04:00,82.51000213623047,84.66999816894531,82.1500015258789,84.48999786376953,1809700
2025-05-20 20:00:00-04:00,84.01000213623047,86.69999694824219,83.70999908447266,85.7300033569336,4715700
2025-05-21 20:00:00-04:00,87.83000183105469,88.3550033569336,87.16999816894531,87.72000122070312,2896100
2025-05-22 20:00:00-04:00,85.79000091552734,86.83000183105469,85.25,85.76000213623047,2774300
2025-05-26 20:00:00-04:00,87.13999938964844,87.37000274658203,85.75,86.66999816894531,1924900
2025-05-27 20:00:00-04:00,85.75,86.0199966430664,84.29000091552734,84.30999755859375,2098200
2025-05-28 20:00:00-04:00,85.37999725341797,85.41999816894531,83.18000030517578,83.26000213623047,3248900
2025-05-29 20:00:00-04:00,83.3499984741211,83.58999633789062,81.70099639892578,82.47000122070312,1772200
2025-06-01 20:00:00-04:00,81.94999694824219,82.58999633789062,81.69999694824219,82.3499984741211,1327600
2025-06-02 20:00:00-04:00,83.16000366210938,84.27999877929688,82.81999969482422,83.80000305175781,1431900
2025-06-03 20:00:00-04:00,82.79000091552734,83.25,82.0999984741211,82.72000122070312,1210600
2025-06-04 20:00:00-04:00,83.38999938964844,83.44000244140625,80.08000183105469,80.25,2799600
2025-06-05 20:00:00-04:00,81.95999908447266,83.1500015258789,81.94999694824219,82.2300033569336,1380200
2025-06-08 20:00:00-04:00,84.80999755859375,85.7699966430664,84.27999877929688,85.66999816894531,1764200
2025-06-09 20:00:00-04:00,86.5,87.03800201416016,85.4000015258789,86.3499984741211,2259700
2025-06-10 20:00:00-04:00,86.55999755859375,87.06999969482422,85.46499633789062,85.7699966430664,1858800
2025-06-11 20:00:00-04:00,84.16000366210938,85.48999786376953,83.95999908447266,84.19000244140625,1839600
2025-06-12 20:00:00-04:00,82.66999816894531,83.62000274658203,82.08000183105469,82.83000183105469,1900100
2025-06-15 20:00:00-04:00,84.0199966430664,85.8499984741211,83.9000015258789,85.6500015258789,1658300
2025-06-16 20:00:00-04:00,83.2300033569336,83.33000183105469,81.41999816894531,82.5,2342700
2025-06-17 20:00:00-04:00,81.93000030517578,83.0199966430664,81.56999969482422,81.76000213623047,1722300
2025-06-19 20:00:00-04:00,83.56999969482422,83.63999938964844,80.62999725341797,81.33000183105469,1789300
2025-06-22 20:00:00-04:00,79.69999694824219,81.44000244140625,78.51000213623047,81.30000305175781,2117500
2025-06-23 20:00:00-04:00,82.83999633789062,83.80000305175781,82.55999755859375,83.23999786376953,1570800
2025-06-24 20:00:00-04:00,84.97000122070312,85.2699966430664,84.16999816894531,84.88999938964844,1814500
2025-06-25 20:00:00-04:00,84.41000366210938,84.87999725341797,83.9800033569336,84.75,1031900
2025-06-26 20:00:00-04:00,84.08000183105469,84.88999938964844,83.83000183105469,84.16000366210938,1520000
2025-06-29 20:00:00-04:00,84.95999908447266,84.97000122070312,84.0199966430664,84.83000183105469,1518200
2025-06-30 20:00:00-04:00,83.95999908447266,84.4000015258789,82.93000030517578,82.95999908447266,2216000
2025-07-01 20:00:00-04:00,84.68000030517578,86.5199966430664,84.55000305175781,86.43000030517578,3173000
2025-07-02 20:00:00-04:00,86.12999725341797,87.13999938964844,85.9000015258789,86.06999969482422,1438500
2025-07-06 20:00:00-04:00,85.4000015258789,85.56999969482422,84.58000183105469,85.04000091552734,1759200
2025-07-07 20:00:00-04:00,85.76000213623047,86.0,85.04000091552734,85.63999938964844,1315600
2025-07-08 20:00:00-04:00,86.30000305175781,88.27999877929688,85.37999725341797,88.08000183105469,2324600
2025-07-09 20:00:00-04:00,87.43000030517578,89.68000030517578,86.97000122070312,89.30000305175781,2413900
2025-07-10 20:00:00-04:00,92.62999725341797,93.11000061035156,91.83999633789062,93.04000091552734,5165800
2025-07-13 20:00:00-04:00,95.81999969482422,96.16000366210938,93.80999755859375,94.37999725341797,3905900
2025-07-14 20:00:00-04:00,92.68000030517578,93.30999755859375,91.11000061035156,91.62999725341797,2640700
2025-07-15 20:00:00-04:00,93.51000213623047,94.44999694824219,92.9800033569336,93.9000015258789,2636800
2025-07-16 20:00:00-04:00,92.80000305175781,94.42500305175781,92.51000213623047,93.66000366210938,1402400
2025-07-17 20:00:00-04:00,93.5199966430664,93.91999816894531,92.16999816894531,92.36000061035156,3047500
2025-07-20 20:00:00-04:00,93.06999969482422,93.87000274658203,91.73999786376953,91.83999633789062,2139500
2025-07-21 20:00:00-04:00,93.83999633789062,94.68000030517578,92.52999877929688,93.9000015258789,2144400
2025-07-22 20:00:00-04:00,92.91999816894531,93.44999694824219,92.30999755859375,93.16000366210938,2156500
2025-07-23 20:00:00-04:00,93.38999938964844,94.08000183105469,92.70999908447266,93.68000030517578,1965400
2025-07-24 20:00:00-04:00,91.47000122070312,92.12000274658203,90.4800033569336,91.87000274658203,1933400
2025-07-27 20:00:00-04:00,93.31999969482422,93.7699966430664,92.3499984741211,92.87999725341797,1274200
2025-07-28 20:00:00-04:00,93.5999984741211,93.6500015258789,91.91999816894531,92.37999725341797,2065600
2025-07-29 20:00:00-04:00,92.47000122070312,93.45999908447266,90.98999786376953,91.87999725341797,2006600
2025-07-30 20:00:00-04:00,92.9000015258789,93.5199966430664,91.75,91.77999877929688,1867000
2025-07-31 20:00:00-04:00,90.88999938964844,91.01000213623047,88.83000183105469,88.88999938964844,3928700
2025-08-03 20:00:00-04:00,89.73999786376953,91.01000213623047,89.66000366210938,90.2300033569336,1129700
2025-08-04 20:00:00-04:00,89.7699966430664,90.11000061035156,88.5199966430664,89.37999725341797,1800100
2025-08-05 20:00:00-04:00,89.58000183105469,91.05000305175781,89.30000305175781,90.68000030517578,1442000
2025-08-06 20:00:00-04:00,91.55000305175781,92.5250015258789,90.97000122070312,92.44000244140625,2173000
2025-08-07 20:00:00-04:00,91.83000183105469,92.30999755859375,91.08999633789062,91.58000183105469,1634600
2025-08-10 20:00:00-04:00,93.9800033569336,94.98999786376953,93.23999786376953,93.58999633789062,1514500
2025-08-11 20:00:00-04:00,93.69000244140625,94.51000213623047,93.23500061035156,94.05999755859375,1813100
2025-08-12 20:00:00-04:00,94.81999969482422,96.62000274658203,94.43499755859375,96.5999984741211,2671600
2025-08-13 20:00:00-04:00,92.93000030517578,93.87999725341797,92.12000274658203,92.75,3408000
2025-08-14 20:00:00-04:00,93.16000366210938,93.20999908447266,91.81900024414062,91.9000015258789,1233300
2025-08-17 20:00:00-04:00,90.91999816894531,91.80000305175781,90.2300033569336,91.38999938964844,1140400
2025-08-18 20:00:00-04:00,90.94000244140625,91.0199966430664,88.47000122070312,88.83000183105469,3268200
2025-08-19 20:00:00-04:00,89.05999755859375,89.93000030517578,88.2300033569336,89.79000091552734,1855900
2025-08-20 20:00:00-04:00,89.01000213623047,89.56999969482422,87.94000244140625,88.0999984741211,1339400
2025-08-21 20:00:00-04:00,88.2300033569336,92.31500244140625,87.94000244140625,91.7300033569336,2633000
2025-08-24 20:00:00-04:00,87.7300033569336,88.7699966430664,86.80999755859375,87.0199966430664,2290100
2025-08-25 20:00:00-04:00,86.30000305175781,87.36000061035156,85.94000244140625,87.30999755859375,1801800
2025-08-26 20:00:00-04:00,87.47000122070312,88.5199966430664,87.21700286865234,88.06999969482422,1619800
2025-08-27 20:00:00-04:00,88.80999755859375,89.02999877929688,87.91000366210938,87.94999694824219,1311500
2025-08-28 20:00:00-04:00,86.8499984741211,86.86000061035156,84.77999877929688,84.98999786376953,2529100
2025-09-01 20:00:00-04:00,85.91000366210938,87.81999969482422,85.6449966430664,87.0199966430664,2594800
2025-09-02 20:00:00-04:00,87.48999786376953,88.44999694824219,87.27999877929688,88.16000366210938,1324500
2025-09-03 20:00:00-04:00,87.05000305175781,87.07499694824219,85.83999633789062,86.2300033569336,1610600
2025-09-04 20:00:00-04:00,88.69000244140625,88.98999786376953,86.51000213623047,87.66000366210938,2228700
2025-09-07 20:00:00-04:00,88.0999984741211,88.71499633789062,87.84500122070312,88.04000091552734,1239200
2025-09-08 20:00:00-04:00,88.63999938964844,88.72000122070312,86.93000030517578,87.41999816894531,1994200
2025-09-09 20:00:00-04:00,89.27999877929688,89.87999725341797,88.8499984741211,89.22000122070312,1766700
2025-09-10 20:00:00-04:00,89.29000091552734,90.0999984741211,89.25,89.91999816894531,1563100
2025-09-11 20:00:00-04:00,90.27999877929688,91.79000091552734,90.15499877929688,91.75,2085400
2025-09-14 20:00:00-04:00,90.30999755859375,90.70999908447266,89.75,90.48999786376953,2327000
2025-09-15 20:00:00-04:00,90.6500015258789,91.81999969482422,90.02999877929688,91.7300033569336,1989500
2025-09-16 20:00:00-04:00,91.23999786376953,91.33999633789062,89.98999786376953,90.79000091552734,4222800
2025-09-17 20:00:00-04:00,92.20999908447266,92.62000274658203,91.87000274658203,92.23999786376953,2373100
2025-09-18 20:00:00-04:00,91.23999786376953,91.48500061035156,90.30999755859375,90.33999633789062,1692900
2025-09-21 20:00:00-04:00,88.66999816894531,89.06999969482422,87.87000274658203,87.9800033569336,1782000
2025-09-22 20:00:00-04:00,88.62999725341797,88.95500183105469,87.51499938964844,87.58000183105469,1738200
2025-09-23 20:00:00-04:00,88.69999694824219,89.47000122070312,88.52999877929688,89.01000213623047,1451400
2025-09-24 20:00:00-04:00,87.5999984741211,87.66000366210938,85.16999816894531,85.76000213623047,3497200
2025-09-25 20:00:00-04:00,85.72000122070312,86.56999969482422,85.27999877929688,85.6500015258789,2374700
2025-09-28 20:00:00-04:00,88.06999969482422,89.83000183105469,87.97000122070312,89.7300033569336,3250300
2025-09-29 20:00:00-04:00,88.95999908447266,89.93499755859375,88.53500366210938,89.7699966430664,2017700
2025-09-30 20:00:00-04:00,91.56999969482422,92.83999633789062,91.375,92.19999694824219,3054300
2025-10-01 20:00:00-04:00,93.61000061035156,95.05500030517578,93.04499816894531,94.93000030517578,3792700
2025-10-02 20:00:00-04:00,94.70999908447266,97.33999633789062,94.18000030517578,96.36000061035156,4922100
2025-10-05 20:00:00-04:00,98.0,99.12000274658203,97.61000061035156,98.43000030517578,4401800
2025-10-06 20:00:00-04:00,97.95999908447266,97.99800109863281,94.62000274658203,95.37000274658203,5976700
2025-10-07 20:00:00-04:00,96.04000091552734,97.43000030517578,95.42500305175781,96.77999877929688,4753000
2025-10-08 20:00:00-04:00,96.83000183105469,96.83000183105469,93.8499984741211,94.9000015258789,5176300
2025-10-09 20:00:00-04:00,95.69999694824219,96.16500091552734,90.87000274658203,91.41999816894531,8852200
2025-10-12 20:00:00-04:00,89.72000122070312,90.95999908447266,89.25,90.86000061035156,5641100
2025-10-13 20:00:00-04:00,86.83999633789062,89.05999755859375,86.13500213623047,88.29000091552734,8191700
2025-10-14 20:00:00-04:00,87.43000030517578,88.03500366210938,86.30999755859375,87.2300033569336,4946000
2025-10-15 20:00:00-04:00,87.1500015258789,87.4000015258789,84.27999877929688,84.80000305175781,8618100
2025-10-16 20:00:00-04:00,82.7300033569336,84.2699966430664,81.91999816894531,83.45999908447266,6703100
2025-10-19 20:00:00-04:00,86.83999633789062,87.55999755859375,86.08999633789062,86.88999938964844,5307000
2025-10-20 20:00:00-04:00,85.2300033569336,89.4000015258789,84.7699966430664,87.63999938964844,7522100
2025-10-21 20:00:00-04:00,84.79000091552734,85.54000091552734,84.16999816894531,84.5,8605800
2025-10-22 20:00:00-04:00,85.5,87.27999877929688,85.19499969482422,86.41999816894531,3895700
2025-10-23 20:00:00-04:00,87.22000122070312,87.30999755859375,85.9800033569336,86.69000244140625,2892700
2025-10-26 20:00:00-04:00,90.2300033569336,90.75,89.70999908447266,90.08999633789062,2636800
2025-10-27 20:00:00-04:00,90.1500015258789,91.01000213623047,88.91000366210938,89.0199966430664,3415500
2025-10-28 20:00:00-04:00,88.95999908447266,89.05000305175781,85.61000061035156,86.66000366210938,8558100
2025-10-29 20:00:00-04:00,84.97000122070312,85.01000213623047,83.2300033569336,83.33999633789062,4942200
2025-10-30 20:00:00-04:00,86.09500122070312,87.01000213623047,85.06999969482422,86.0199966430664,4277600
2025-11-02 19:00:00-05:00,84.22000122070312,84.69000244140625,82.48999786376953,83.5,5057700
2025-11-03 19:00:00-05:00,81.27999877929688,82.08999633789062,77.94000244140625,78.87000274658203,9507900
2025-11-04 19:00:00-05:00,80.38999938964844,81.93000030517578,79.98999786376953,81.3499984741211,3080500
2025-11-05 19:00:00-05:00,80.58000183105469,80.58999633789062,78.54000091552734,78.9800033569336,5665000
2025-11-06 19:00:00-05:00,78.45999908447266,81.3550033569336,77.8499984741211,81.30000305175781,3736100
2025-11-09 19:00:00-05:00,83.16000366210938,83.25,81.97000122070312,83.05000305175781,3107100
2025-11-10 19:00:00-05:00,81.8499984741211,81.96499633789062,80.36000061035156,80.47000122070312,3084300
2025-11-11 19:00:00-05:00,82.04000091552734,82.13999938964844,78.91999816894531,79.48999786376953,3826700
2025-11-12 19:00:00-05:00,80.16999816894531,80.9800033569336,76.58000183105469,76.68000030517578,8256700
2025-11-13 19:00:00-05:00,74.61000061035156,76.25,73.66000366210938,73.77999877929688,5539600
2025-11-16 19:00:00-05:00,73.6500015258789,75.11000061035156,71.33999633789062,71.83999633789062,10742200
2025-11-17 19:00:00-05:00,71.75,73.44000244140625,71.16999816894531,72.63999938964844,7350500
2025-11-18 19:00:00-05:00,71.31999969482422,72.30000305175781,69.23999786376953,69.98999786376953,8790200
2025-11-19 19:00:00-05:00,71.48999786376953,71.66999816894531,67.24500274658203,67.55999755859375,11999500
2025-11-20 19:00:00-05:00,65.47000122070312,66.97000122070312,64.41000366210938,66.16000366210938,11916600
2025-11-23 19:00:00-05:00,67.22000122070312,69.83999633789062,66.69499969482422,69.7300033569336,5867100
2025-11-24 19:00:00-05:00,68.19999694824219,68.95500183105469,67.37000274658203,68.36000061035156,5009200
2025-11-25 19:00:00-05:00,68.31999969482422,70.77999877929688,67.81999969482422,70.37999725341797,4364500
2025-11-27 19:00:00-05:00,72.81999969482422,72.8759994506836,70.6500015258789,71.01000213623047,3619700
2025-11-30 19:00:00-05:00,67.47000122070312,67.83499908447266,65.58000183105469,66.91999816894531,6705300
2025-12-01 19:00:00-05:00,69.38999938964844,72.2300033569336,69.16000366210938,71.25,5680500
2025-12-02 19:00:00-05:00,72.47000122070312,73.30999755859375,71.80999755859375,72.7300033569336,5555500
2025-12-03 19:00:00-05:00,72.58000183105469,72.95999908447266,71.11000061035156,72.37999725341797,4314600
2025-12-04 19:00:00-05:00,70.80000305175781,71.56999969482422,68.97000122070312,69.9000015258789,4831100
2025-12-07 19:00:00-05:00,71.44999694824219,71.7699966430664,70.0999984741211,70.98999786376953,3996900
2025-12-08 19:00:00-05:00,70.61499786376953,74.04000091552734,70.37999725341797,72.81999969482422,4967800
2025-12-09 19:00:00-05:00,71.9000015258789,73.93000030517578,71.63500213623047,72.3499984741211,4943600
2025-12-10 19:00:00-05:00,70.54000091552734,71.83000183105469,69.80999755859375,71.79000091552734,4119800
2025-12-11 19:00:00-05:00,72.08000183105469,72.51000213623047,69.97000122070312,70.58000183105469,4737400
2025-12-14 19:00:00-05:00,69.88999938964844,70.29000091552734,66.55999755859375,67.05000305175781,7090200
2025-12-15 19:00:00-05:00,67.95999908447266,68.93499755859375,67.86000061035156,68.48999786376953,4453500
2025-12-16 19:00:00-05:00,68.58000183105469,70.63999938964844,66.66000366210938,67.0999984741211,7669500
2025-12-17 19:00:00-05:00,69.19000244140625,69.83000183105469,65.9800033569336,66.11000061035156,8139700
2025-12-18 19:00:00-05:00,68.83999633789062,69.87999725341797,67.86000061035156,68.83999633789062,6320700
2025-12-21 19:00:00-05:00,70.31999969482422,70.68000030517578,68.66000366210938,69.02999877929688,3585000
2025-12-22 19:00:00-05:00,68.48999786376953,69.0199966430664,67.62999725341797,68.5,4638300
2025-12-23 19:00:00-05:00,68.11000061035156,68.4800033569336,67.5,68.19999694824219,1503500
2025-12-25 19:00:00-05:00,69.53500366210938,69.58000183105469,67.63999938964844,68.4000015258789,4199700
2025-12-28 19:00:00-05:00,68.36000061035156,68.86000061035156,67.94000244140625,68.05000305175781,2373500
2025-12-29 19:00:00-05:00,68.83999633789062,69.875,68.58499908447266,68.61000061035156,5528900
2025-12-30 19:00:00-05:00,69.45999908447266,69.46499633789062,68.02999877929688,68.36000061035156,4676800
2026-01-01 19:00:00-05:00,69.38999938964844,71.125,69.05999755859375,70.13999938964844,6496100
2026-01-04 19:00:00-05:00,72.46800231933594,74.06999969482422,72.1500015258789,73.61000061035156,6015500
2026-01-05 19:00:00-05:00,73.69999694824219,73.72000122070312,71.2300033569336,72.19999694824219,5273700
2026-01-06 19:00:00-05:00,71.41000366210938,71.92500305175781,70.73999786376953,71.0,3785500
2026-01-07 19:00:00-05:00,69.93000030517578,71.38999938964844,69.63999938964844,70.95999908447266,3261300
2026-01-08 19:00:00-05:00,70.69999694824219,71.8499984741211,70.08999633789062,70.4800033569336,3707900
2026-01-11 19:00:00-05:00,70.40499877929688,72.0999984741211,70.33999633789062,71.41000366210938,3262000
2026-01-12 19:00:00-05:00,72.12000274658203,73.86499786376953,71.9000015258789,73.77999877929688,4616900
2026-01-13 19:00:00-05:00,74.72000122070312,76.5,74.45500183105469,76.30999755859375,5802100
2026-01-14 19:00:00-05:00,75.54000091552734,75.7699966430664,74.25,74.33000183105469,4454400
2026-01-15 19:00:00-05:00,74.80000305175781,74.8499984741211,73.55999755859375,74.58000183105469,4034400
2026-01-19 19:00:00-05:00,70.94999694824219,71.27999877929688,69.5999984741211,69.88999938964844,3886500
2026-01-20 19:00:00-05:00,69.86000061035156,70.6500015258789,68.03500366210938,70.33999633789062,6775200
2026-01-21 19:00:00-05:00,69.87000274658203,70.16999816894531,69.01000213623047,69.75,2767300
2026-01-22 19:00:00-05:00,69.97000122070312,71.1449966430664,69.05999755859375,69.81999969482422,3222900
