Price,Open,High,Low,Close,Volume
Ticker,IBIE,IBIE,IBIE,IBIE,IBIE
Date,,,,,
2023-09-17 20:00:00-04:00,22.829504013061523,22.829504013061523,22.829504013061523,22.829504013061523,100
2023-09-18 20:00:00-04:00,22.7838134765625,22.7838134765625,22.7838134765625,22.7838134765625,100
2023-09-19 20:00:00-04:00,22.75183088640892,22.75183088640892,22.719850540161133,22.719850540161133,500
2023-09-20 20:00:00-04:00,22.67873764038086,22.67873764038086,22.67873764038086,22.67873764038086,100
2023-09-21 20:00:00-04:00,22.67873764038086,22.67873764038086,22.67873764038086,22.67873764038086,100
2023-09-24 20:00:00-04:00,22.640357971191406,22.640357971191406,22.640357971191406,22.640357971191406,100
2023-09-25 20:00:00-04:00,22.601070404052734,22.601070404052734,22.601070404052734,22.601070404052734,100
2023-09-26 20:00:00-04:00,22.601070404052734,22.601070404052734,22.601070404052734,22.601070404052734,100
2023-09-27 20:00:00-04:00,22.683303833007812,22.683303833007812,22.683303833007812,22.683303833007812,100
2023-09-28 20:00:00-04:00,22.65497589111328,22.65497589111328,22.65497589111328,22.65497589111328,100
2023-10-01 20:00:00-04:00,22.550813674926758,22.550813674926758,22.550813674926758,22.550813674926758,100
2023-10-02 20:00:00-04:00,22.550813674926758,22.550813674926758,22.550813674926758,22.550813674926758,100
2023-10-03 20:00:00-04:00,22.523401260375977,22.523401260375977,22.523401260375977,22.523401260375977,100
2023-10-04 20:00:00-04:00,22.546244225809506,22.550813843098354,22.544417773132654,22.54715919494629,1500
2023-10-05 20:00:00-04:00,22.48502467596128,22.494162167630083,22.48502467596128,22.49142074584961,1100
2023-10-08 20:00:00-04:00,22.669596558280652,22.669596558280652,22.587360879390296,22.651323318481445,1800
2023-10-09 20:00:00-04:00,22.623909558536504,22.66959526963493,22.623909558536504,22.656803131103516,28700
2023-10-10 20:00:00-04:00,22.669595044257814,22.694266094836884,22.669595044257814,22.687870025634766,400
2023-10-11 20:00:00-04:00,22.66045671238218,22.66045671238218,22.634872436523438,22.634872436523438,5600
2023-10-12 20:00:00-04:00,22.733555904896424,22.733555904896424,22.715282666182087,22.719850540161133,2900
2023-10-15 20:00:00-04:00,22.7061467477459,22.7061467477459,22.68421711697199,22.691526412963867,7600
2023-10-16 20:00:00-04:00,22.605638341155693,22.605638341155693,22.569090114750757,22.573657989501953,1400
2023-10-17 20:00:00-04:00,22.61477454275538,22.61477454275538,22.543504546794225,22.54715919494629,3700
2023-10-18 20:00:00-04:00,22.541675284097767,22.60472275443142,22.541675284097767,22.596498489379883,2300
2023-10-19 20:00:00-04:00,22.62391045470317,22.661373645542902,22.62391045470317,22.646753311157227,2700
2023-10-22 20:00:00-04:00,22.596500445084185,22.65132539790962,22.596500445084185,22.644014358520508,24100
2023-10-23 20:00:00-04:00,22.62390815322521,22.6677674091223,22.559947464541143,22.61020278930664,37300
2023-10-24 20:00:00-04:00,22.578223340373523,22.59649832293237,22.559950100612934,22.564517974853516,20900
2023-10-25 20:00:00-04:00,22.59649501693546,22.6677667413682,22.59649501693546,22.66045570373535,8700
2023-10-26 20:00:00-04:00,22.687872488113054,22.724422454833984,22.659546786743835,22.724422454833984,16400
2023-10-29 20:00:00-04:00,22.660456264910568,22.697006225585938,22.655888391225172,22.697006225585938,44900
2023-10-30 20:00:00-04:00,22.706146749701652,22.706146749701652,22.65589141845703,22.65589141845703,10200
2023-10-31 20:00:00-04:00,22.655891854647475,22.779245376586914,22.655891854647475,22.779245376586914,5700
2023-11-01 20:00:00-04:00,22.851431574377408,22.851431574377408,22.791125521024867,22.797521591186523,2200
2023-11-02 20:00:00-04:00,22.90442533707535,22.94280175594869,22.898029267263126,22.92544174194336,8800
2023-11-05 19:00:00-05:00,22.907166427231378,22.907166427231378,22.84777360434977,22.861480712890625,7200
2023-11-06 19:00:00-05:00,22.870619660850416,22.90077181596399,22.860567199680826,22.88432502746582,7600
2023-11-07 19:00:00-05:00,22.866047521815315,22.886150699139147,22.866047521815315,22.875185012817383,1600
2023-11-08 19:00:00-05:00,22.867875271072172,22.867875271072172,22.7518310546875,22.7518310546875,3100
2023-11-09 19:00:00-05:00,22.788380791611623,22.79477686084495,22.742693337946307,22.747262954711914,21500
2023-11-12 19:00:00-05:00,22.715282834190344,22.758227123984362,22.710713217379343,22.7518310546875,10500
2023-11-13 19:00:00-05:00,22.922702452458932,22.930011749267578,22.920874256857534,22.930011749267578,7600
2023-11-14 19:00:00-05:00,22.86147818866109,22.86147818866109,22.820360353175083,22.852340698242188,9500
2023-11-15 19:00:00-05:00,22.907167434692383,22.925442418351736,22.88523780286083,22.907167434692383,5900
2023-11-16 19:00:00-05:00,22.934579233503438,22.934579233503438,22.888891775703048,22.92544174194336,21800
2023-11-19 19:00:00-05:00,22.94189060104354,22.961992038611672,22.907168827099557,22.95742416381836,9900
2023-11-20 19:00:00-05:00,22.961990581861,22.970214847325366,22.924529131096737,22.934579849243164,18700
2023-11-21 19:00:00-05:00,22.90716737382697,22.934579849243164,22.879756641209138,22.934579849243164,5200
2023-11-23 19:00:00-05:00,22.907165359925518,22.907165359925518,22.875185012817383,22.875185012817383,5400
2023-11-26 19:00:00-05:00,22.898026746186844,23.56504961424671,22.879753507876888,22.916301727294922,8500
2023-11-27 19:00:00-05:00,22.924527499315406,23.025951385498047,22.924527499315406,23.025951385498047,1700
2023-11-28 19:00:00-05:00,23.07346562735336,23.103617780082253,23.062499940689573,23.08991241455078,29300
2023-11-29 19:00:00-05:00,23.08077464762215,23.08077464762215,23.02595144335272,23.0341739654541,7100
2023-11-30 19:00:00-05:00,23.044227411874985,23.158443450927734,23.03508991961495,23.158443450927734,12300
2023-12-03 19:00:00-05:00,23.08442918095277,23.108187006457154,23.0624995507942,23.085342407226562,7000
2023-12-04 19:00:00-05:00,23.117322582646224,23.15844042103758,23.117322582646224,23.12828826904297,1900
2023-12-05 19:00:00-05:00,23.12646018704222,23.12646018704222,23.099962682783932,23.112754821777344,4400
2023-12-06 19:00:00-05:00,23.126460412951513,23.141993973709283,23.11732292175293,23.11732292175293,4800
2023-12-07 19:00:00-05:00,23.025951777555992,23.0625,23.016814286245424,23.0625,900
2023-12-10 19:00:00-05:00,23.044225692749023,23.044225692749023,23.016814960812244,23.044225692749023,11600
2023-12-11 19:00:00-05:00,23.029608781491717,23.044227374845523,23.029608781491717,23.03965950012207,2200
2023-12-12 19:00:00-05:00,23.05153664914854,23.292760848999023,23.05153664914854,23.292760848999023,18900
2023-12-13 19:00:00-05:00,23.474121294959915,23.474121294959915,23.448343879020936,23.46675682067871,1300
2023-12-14 19:00:00-05:00,23.430853817542957,23.44834488369894,23.42901182091635,23.439138412475586,4900
2023-12-17 19:00:00-05:00,23.457548464836794,23.457548464836794,23.40691375732422,23.40691375732422,8600
2023-12-18 19:00:00-05:00,23.439135524658653,23.4437396376805,23.40691375732422,23.40691375732422,3400
2023-12-19 19:00:00-05:00,23.48056411743164,23.48056411743164,23.48056411743164,23.48056411743164,400
2023-12-20 19:00:00-05:00,23.485173879669496,23.510031179669905,23.4676810552414,23.475967407226562,5800
2023-12-21 19:00:00-05:00,23.485171295953638,23.485171295953638,23.45294952392578,23.45294952392578,5700
2023-12-25 19:00:00-05:00,23.45755386352539,23.466760335733305,23.448347391317476,23.45755386352539,2300
2023-12-26 19:00:00-05:00,23.512792587280273,23.518315065815283,23.512792587280273,23.512792587280273,600
2023-12-27 19:00:00-05:00,23.51371334331549,23.51371334331549,23.471364974975586,23.471364974975586,4100
2023-12-28 19:00:00-05:00,23.457554388377197,23.485173805618906,23.457554388377197,23.471364974975586,5800
2024-01-01 19:00:00-05:00,23.43914207937943,23.448348552043075,23.423493007401856,23.4299373626709,4100
2024-01-02 19:00:00-05:00,23.411521580239988,23.4667586535729,23.37469569404811,23.462156295776367,5200
2024-01-03 19:00:00-05:00,23.40691375732422,23.411517870346064,23.40691375732422,23.40691375732422,1700
2024-01-04 19:00:00-05:00,23.365489885392925,23.393109300820413,23.36088752746582,23.36088752746582,1300
2024-01-07 19:00:00-05:00,23.393104930167922,23.416120227413288,23.383898460078854,23.40691375732422,5600
2024-01-08 19:00:00-05:00,23.383898083281935,23.4115174931041,23.383898083281935,23.393104553222656,15300
2024-01-09 19:00:00-05:00,23.411520935371254,23.411520935371254,23.365488578899367,23.37929916381836,2700
2024-01-10 19:00:00-05:00,23.42440693177945,23.485168230523165,23.42440693177945,23.48056411743164,2700
2024-01-11 19:00:00-05:00,23.583675108727203,23.586437225341797,23.568944405434227,23.586437225341797,800
2024-01-15 19:00:00-05:00,23.568026570973018,23.568026570973018,23.448344204491008,23.487932205200195,6600
2024-01-16 19:00:00-05:00,23.39310741293043,23.413360595703125,23.383900941864255,23.413360595703125,900
2024-01-17 19:00:00-05:00,23.429933697207073,23.45755135492229,23.429933697207073,23.439138412475586,8600
2024-01-18 19:00:00-05:00,23.411519728251392,23.414281845092773,23.402313257431707,23.414281845092773,1200
2024-01-21 19:00:00-05:00,23.425329208374023,23.425329208374023,23.425329208374023,23.425329208374023,100
2024-01-22 19:00:00-05:00,23.38113970496587,23.388505935668945,23.38113970496587,23.388505935668945,400
2024-01-23 19:00:00-05:00,23.393109300820413,23.393109300820413,23.356285169538715,23.36088752746582,9400
2024-01-24 19:00:00-05:00,23.420730890007253,23.4299373626709,23.420730890007253,23.4299373626709,400
2024-01-25 19:00:00-05:00,23.416120227413288,23.42532669750236,23.393104930167922,23.40691375732422,1400
2024-01-28 19:00:00-05:00,23.448346384478114,23.485172271728516,23.448346384478114,23.485172271728516,1200
2024-01-29 19:00:00-05:00,23.448345184326172,23.448345184326172,23.448345184326172,23.448345184326172,100
2024-01-30 19:00:00-05:00,23.540407481553544,23.567106774481196,23.53120101047037,23.54961395263672,5000
2024-01-31 19:00:00-05:00,23.558818817138672,23.558818817138672,23.558818817138672,23.558818817138672,100
2024-02-01 19:00:00-05:00,23.41152101004056,23.41152101004056,23.383901596069336,23.383901596069336,2100
2024-02-04 19:00:00-05:00,23.37377717151209,23.374697291943313,23.32866668701172,23.32866668701172,135500
2024-02-05 19:00:00-05:00,23.402311400256995,23.411517870346064,23.402311400256995,23.40691375732422,2500
2024-02-06 19:00:00-05:00,23.41152101004056,23.416123367725,23.383901596069336,23.383901596069336,3000
2024-02-07 19:00:00-05:00,23.36548614501953,23.36548614501953,23.36548614501953,23.36548614501953,200
2024-02-08 19:00:00-05:00,23.35720461496775,23.35720461496775,23.337871551513672,23.337871551513672,300
2024-02-11 19:00:00-05:00,23.365485693026926,23.365485693026926,23.347074508666992,23.347074508666992,1600
2024-02-12 19:00:00-05:00,23.291837946199593,23.291837946199593,23.236600875854492,23.236600875854492,4700
2024-02-13 19:00:00-05:00,23.29183799304283,23.328663877316828,23.283553398249545,23.301044464111328,4500
2024-02-14 19:00:00-05:00,23.365489284718404,23.365489284718404,23.33787162595586,23.34247398376465,4600
2024-02-15 19:00:00-05:00,23.302884854647974,23.31024932861328,23.29183638774532,23.31024932861328,3000
2024-02-19 19:00:00-05:00,23.337871551513672,23.35352237754148,23.337871551513672,23.337871551513672,10800
2024-02-20 19:00:00-05:00,23.34431741659836,23.34431741659836,23.309333524852683,23.312095642089844,7000
2024-02-21 19:00:00-05:00,23.291840556833304,23.301047028915182,23.268825254606107,23.271587371826172,6500
2024-02-22 19:00:00-05:00,23.273426055908203,23.289076880624176,23.273426055908203,23.273426055908203,6500
2024-02-25 19:00:00-05:00,23.28263327792914,23.301044464111328,23.28263327792914,23.301044464111328,2700
2024-02-26 19:00:00-05:00,23.300127508291588,23.300127508291588,23.28263644005426,23.290000915527344,4000
2024-02-27 19:00:00-05:00,23.319460214834393,23.347079631366366,23.31025374265707,23.32866668701172,4100
2024-02-28 19:00:00-05:00,23.367329998956798,23.393107415563062,23.367329998956798,23.372854232788086,10900
2024-02-29 19:00:00-05:00,23.37469569404811,23.462156295776367,23.362728861395162,23.462156295776367,800
2024-03-03 19:00:00-05:00,23.448347017476895,23.448347017476895,23.443744659423828,23.443744659423828,300
2024-03-04 19:00:00-05:00,23.480566851852288,23.503583908081055,23.480566851852288,23.503583908081055,10400
2024-03-05 19:00:00-05:00,23.531201339746037,23.53580545332946,23.498979568481445,23.498979568481445,700
2024-03-06 19:00:00-05:00,23.521993938087718,23.531200408935547,23.521993938087718,23.531200408935547,6300
2024-03-07 19:00:00-05:00,23.567106699724313,23.567106699724313,23.545011520385742,23.545011520385742,1600
2024-03-10 20:00:00-04:00,23.53120377565534,23.53120377565534,23.506348232360246,23.512792587280273,1200
2024-03-11 20:00:00-04:00,23.49438027803281,23.49438027803281,23.471364974975586,23.471364974975586,500
2024-03-12 20:00:00-04:00,23.471360934070535,23.471360934070535,23.46675682067871,23.46675682067871,400
2024-03-13 20:00:00-04:00,23.402315594190533,23.402315594190533,23.380220413208008,23.380220413208008,1300
2024-03-14 20:00:00-04:00,23.38390282901125,23.38390282901125,23.36088752746582,23.36088752746582,1500
2024-03-17 20:00:00-04:00,23.374696282819627,23.374696282819627,23.347078623434978,23.356285095214844,1400
2024-03-18 20:00:00-04:00,23.402311023163378,23.402311023163378,23.383898083281935,23.393104553222656,2900
2024-03-19 20:00:00-04:00,23.402317309848836,23.471364974975586,23.402317309848836,23.471364974975586,1000
2024-03-20 20:00:00-04:00,23.507267452887767,23.507267452887767,23.485172271728516,23.485172271728516,1800
2024-03-21 20:00:00-04:00,23.55145594923528,23.553296189879028,23.54961395263672,23.54961395263672,1100
2024-03-24 20:00:00-04:00,23.531201438934215,23.540407910185024,23.51555061340332,23.51555061340332,800
2024-03-25 20:00:00-04:00,23.51279037938159,23.51279037938159,23.503583908081055,23.503583908081055,300
2024-03-26 20:00:00-04:00,23.535805049331767,23.545011520385742,23.53120093582738,23.545011520385742,2600
2024-03-27 20:00:00-04:00,23.540407180786133,23.540407180786133,23.51647176103954,23.540407180786133,1700
2024-03-31 20:00:00-04:00,23.611817517659752,23.611817517659752,23.44766795380254,23.46343231201172,1400
2024-04-01 20:00:00-04:00,23.477342176918178,23.481978440218157,23.4736328125,23.4736328125,3400
2024-04-02 20:00:00-04:00,23.4606523588608,23.500530242919922,23.4606523588608,23.500530242919922,2900
2024-04-03 20:00:00-04:00,23.491253881415055,23.546897888183594,23.485688950070877,23.546897888183594,1600
2024-04-04 20:00:00-04:00,23.514442624704998,23.514442624704998,23.481983467982296,23.48383903503418,2400
2024-04-07 20:00:00-04:00,23.444886126539828,23.472707247799605,23.444886126539828,23.46807098388672,1000
2024-04-08 20:00:00-04:00,23.51907883643678,23.51907883643678,23.500530242919922,23.500530242919922,400
2024-04-09 20:00:00-04:00,23.37532681400578,23.37532681400578,23.333593368530273,23.333593368530273,1900
2024-04-10 20:00:00-04:00,23.357707603482847,23.357707603482847,23.338232112926036,23.33915901184082,8700
2024-04-11 20:00:00-04:00,23.430973942987126,23.430973942987126,23.405935287475586,23.405935287475586,2600
2024-04-14 20:00:00-04:00,23.342870033981015,23.368837356567383,23.33359573750143,23.368837356567383,1900
2024-04-15 20:00:00-04:00,23.347504694638946,23.352142727005862,23.32431983947754,23.32431983947754,1300
2024-04-16 20:00:00-04:00,23.35214156765477,23.36141586303711,23.35214156765477,23.36141586303711,200
2024-04-17 20:00:00-04:00,23.338232541381547,23.350287534168224,23.32432021294909,23.34286880493164,2300
2024-04-18 20:00:00-04:00,23.370692567526866,23.370692567526866,23.36327206912149,23.36605453491211,2800
2024-04-21 20:00:00-04:00,23.361417932492053,23.379964756008714,23.35677989994454,23.379037857055664,6400
2024-04-22 20:00:00-04:00,23.393878936767578,23.393878936767578,23.393878936767578,23.393878936767578,2000
2024-04-23 20:00:00-04:00,23.370691534578132,23.389238357543945,23.370691534578132,23.389238357543945,4800
2024-04-24 20:00:00-04:00,23.335450075695057,23.352143100922916,23.335450075695057,23.34286880493164,3000
2024-04-25 20:00:00-04:00,23.373473903762633,23.37996573448794,23.37069320678711,23.37069320678711,800
2024-04-28 20:00:00-04:00,23.38924049194624,23.4077890854958,23.38924049194624,23.405935287475586,5700
2024-04-29 20:00:00-04:00,23.34286958915485,23.352143885457707,23.34286958915485,23.349361419677734,1200
2024-04-30 20:00:00-04:00,23.389240031079975,23.389240031079975,23.37069320678711,23.37069320678711,700
2024-05-01 20:00:00-04:00,23.426337799839818,23.454160690307617,23.426337799839818,23.454160690307617,4000
2024-05-02 20:00:00-04:00,23.51444194347963,23.51444194347963,23.50980567932129,23.50980567932129,1600
2024-05-05 20:00:00-04:00,23.528352737426758,23.528352737426758,23.509804144221906,23.528352737426758,6700
2024-05-06 20:00:00-04:00,23.51907769544405,23.52835199175255,23.491254806518555,23.491254806518555,1400
2024-05-07 20:00:00-04:00,23.463430778400756,23.486617402491827,23.463430778400756,23.481979370117188,300
2024-05-08 20:00:00-04:00,23.519077535531117,23.53762435913086,23.519077535531117,23.53762435913086,2400
2024-05-09 20:00:00-04:00,23.528351725051653,23.528351725051653,23.505165100097656,23.505165100097656,2300
2024-05-12 20:00:00-04:00,23.54597279134124,23.54597279134124,23.509804272618094,23.514440536499023,6500
2024-05-13 20:00:00-04:00,23.545974303475695,23.545974303475695,23.532990641105815,23.542264938354492,800
2024-05-14 20:00:00-04:00,23.597907196605448,23.630366350114272,23.597907196605448,23.622020721435547,5300
2024-05-15 20:00:00-04:00,23.621092877778953,23.621092877778953,23.59790802001953,23.59790802001953,5300
2024-05-16 20:00:00-04:00,23.605327389032286,23.611819220136326,23.60254669189453,23.60254669189453,1000
2024-05-19 20:00:00-04:00,23.6025463204147,23.6025463204147,23.574723429453297,23.58399772644043,3600
2024-05-20 20:00:00-04:00,23.611817546175768,23.621091842651367,23.611817546175768,23.621091842651367,300
2024-05-21 20:00:00-04:00,23.60254555217843,23.62109237665774,23.589561890597302,23.593271255493164,9300
2024-05-22 20:00:00-04:00,23.54782642863919,23.565446352612348,23.53762346493302,23.560810089111328,5800
2024-05-23 20:00:00-04:00,23.556175102777118,23.577506162978704,23.556175102777118,23.570087432861328,2700
2024-05-27 20:00:00-04:00,23.565446853637695,23.565446853637695,23.565446853637695,23.565446853637695,1700
2024-05-28 20:00:00-04:00,23.556173218332745,23.556173218332745,23.51722223499556,23.523714065551758,4100
2024-05-29 20:00:00-04:00,23.593271384114786,23.593271384114786,23.57935905456543,23.57935905456543,2400
2024-05-30 20:00:00-04:00,23.639639685065237,23.648913981246388,23.639639685065237,23.64613151550293,600
2024-06-02 20:00:00-04:00,23.667464674996634,23.69528579711914,23.667464674996634,23.69528579711914,3300
2024-06-03 20:00:00-04:00,23.713831321721727,23.741654209134254,23.713831321721727,23.732379913330078,500
2024-06-04 20:00:00-04:00,23.732380521613216,23.76947593688965,23.732380521613216,23.76947593688965,1700
2024-06-05 20:00:00-04:00,23.750930519271414,23.764841079711914,23.750930519271414,23.764841079711914,300
2024-06-06 20:00:00-04:00,23.68601229121417,23.68601229121417,23.63964080810547,23.63964080810547,2700
2024-06-09 20:00:00-04:00,23.630367279052734,23.630367279052734,23.630367279052734,23.630367279052734,600
2024-06-10 20:00:00-04:00,23.667465209960938,23.67488394017579,23.651699081585885,23.667465209960938,2000
2024-06-11 20:00:00-04:00,23.76020423082604,23.769476758297255,23.681373596191406,23.681373596191406,13900
2024-06-12 20:00:00-04:00,23.737016677856445,23.737016677856445,23.737016677856445,23.737016677856445,100
2024-06-13 20:00:00-04:00,23.723106384277344,23.723106384277344,23.723106384277344,23.723106384277344,100
2024-06-16 20:00:00-04:00,23.722180252655484,23.722180252655484,23.71383285522461,23.71383285522461,300
2024-06-17 20:00:00-04:00,23.782459970853054,23.79266293488304,23.782459970853054,23.78802490234375,1400
2024-06-19 20:00:00-04:00,23.76947527838883,23.81584675731359,23.76947527838883,23.811208724975586,6000
2024-06-20 20:00:00-04:00,23.8130640560605,23.81584652165756,23.792661666870117,23.792661666870117,4600
2024-06-23 20:00:00-04:00,23.806573494718652,23.806573494718652,23.78802490234375,23.78802490234375,2700
2024-06-24 20:00:00-04:00,23.79266280713383,23.801937103271484,23.79266280713383,23.801937103271484,2300
2024-06-25 20:00:00-04:00,23.764840813006632,23.778751373291016,23.764840813006632,23.778751373291016,1300
2024-06-26 20:00:00-04:00,23.825123600975974,23.825123600975974,23.81584930419922,23.81584930419922,1200
2024-06-27 20:00:00-04:00,23.834396362304688,23.834396362304688,23.834396362304688,23.834396362304688,100
2024-06-30 20:00:00-04:00,23.795650668545967,23.8051011034226,23.786200233669337,23.80037498474121,2000
2024-07-01 20:00:00-04:00,23.833449174398012,23.838175292795604,23.809823989868164,23.809823989868164,800
2024-07-02 20:00:00-04:00,23.83344936621494,23.88070153814097,23.819274615880158,23.85235023498535,5900
2024-07-04 20:00:00-04:00,23.918503947967427,23.946855254056462,23.904329196166028,23.942129135131836,8500
2024-07-07 20:00:00-04:00,23.927952764588973,23.927952764588973,23.9090518951416,23.9090518951416,4200
2024-07-08 20:00:00-04:00,23.9090518951416,23.9090518951416,23.9090518951416,23.9090518951416,5200
2024-07-09 20:00:00-04:00,23.90905094404864,23.93740224709189,23.90905094404864,23.92795181274414,4100
2024-07-10 20:00:00-04:00,23.9941063976973,23.9941063976973,23.95630645751953,23.95630645751953,700
2024-07-11 20:00:00-04:00,23.984652999482375,24.013004302978516,23.975204367469736,24.013004302978516,4100
2024-07-14 20:00:00-04:00,24.029070525964045,24.029070525964045,24.013004967120505,24.027179718017578,5000
2024-07-15 20:00:00-04:00,24.0413578897016,24.060256958007812,24.0413578897016,24.060256958007812,2300
2024-07-16 20:00:00-04:00,24.04135818038682,24.064983367919922,24.04135818038682,24.064983367919922,2000
2024-07-17 20:00:00-04:00,24.05080890652771,24.05080890652771,24.03190803527832,24.03190803527832,400
2024-07-18 20:00:00-04:00,24.003554342270892,24.003554342270892,23.975204840701252,23.98465347290039,700
2024-07-21 20:00:00-04:00,23.956303120948068,23.984652621511376,23.956303120948068,23.96575355529785,4800
2024-07-22 20:00:00-04:00,23.98938226689751,24.02245789074158,23.98938226689751,23.99883270263672,3000
2024-07-23 20:00:00-04:00,24.02245789074158,24.02245789074158,23.99883270263672,23.99883270263672,1800
2024-07-24 20:00:00-04:00,24.00355482024941,24.00355482024941,23.994104385375977,23.994104385375977,200
2024-07-25 20:00:00-04:00,24.069708929742006,24.069708929742006,24.041359424230055,24.050809860229492,2800
2024-07-28 20:00:00-04:00,24.06025724892154,24.064983367919922,24.06025724892154,24.064983367919922,2600
2024-07-29 20:00:00-04:00,24.057423740506035,24.064983367919922,24.057423740506035,24.064983367919922,1900
2024-07-30 20:00:00-04:00,24.116958042351207,24.183109283447266,24.098057172756295,24.183109283447266,1400
2024-07-31 20:00:00-04:00,24.20200777230893,24.225632955735513,24.19255733844111,24.211458206176758,5200
2024-08-01 20:00:00-04:00,24.25870961872671,24.296509553341455,24.23980875017632,24.272884368896484,5300
2024-08-04 20:00:00-04:00,24.277612686157227,24.277612686157227,24.249261380763798,24.277612686157227,1800
2024-08-05 20:00:00-04:00,24.225635528564453,24.225635528564453,24.225635528564453,24.225635528564453,100
2024-08-06 20:00:00-04:00,24.202010630906905,24.21146106589096,24.183109760938798,24.19256019592285,1200
2024-08-07 20:00:00-04:00,24.168937206472908,24.168937206472908,24.159486770629883,24.159486770629883,1600
2024-08-08 20:00:00-04:00,24.192559240193106,24.197283556255414,24.17365837097168,24.17365837097168,1800
2024-08-11 20:00:00-04:00,24.23980760755212,24.249258041381836,24.235083291880233,24.249258041381836,1600
2024-08-12 20:00:00-04:00,24.263436132217414,24.277612686157227,24.25871181589494,24.277612686157227,1100
2024-08-13 20:00:00-04:00,24.2917869598017,24.310687829692213,24.26816177368164,24.26816177368164,5100
2024-08-14 20:00:00-04:00,24.20200814576239,24.22090721130371,24.20200814576239,24.22090721130371,3000
2024-08-15 20:00:00-04:00,24.202009865304273,24.216184616088867,24.202009865304273,24.216184616088867,2000
2024-08-18 20:00:00-04:00,24.2209079756744,24.2209079756744,24.197282791137695,24.197282791137695,4200
2024-08-19 20:00:00-04:00,24.232247981482725,24.258708475211552,24.220906739892683,24.249258041381836,1700
2024-08-20 20:00:00-04:00,24.28706169128418,24.290841504616846,24.28233557275378,24.28706169128418,2800
2024-08-21 20:00:00-04:00,24.239809327673782,24.25871019667447,24.21145982665882,24.244535446166992,1100
2024-08-22 20:00:00-04:00,24.277612585666006,24.36266469900804,24.26816215057398,24.353214263916016,3300
2024-08-25 20:00:00-04:00,24.353213312073244,24.400463683200403,24.353213312073244,24.372114181518555,9000
2024-08-26 20:00:00-04:00,24.353212834505637,24.38156233563155,24.334311965430974,24.36266326904297,1900
2024-08-27 20:00:00-04:00,24.381561678485177,24.381561678485177,24.3588809967041,24.3588809967041,1600
2024-08-28 20:00:00-04:00,24.343761630778925,24.362662499256377,24.343761630778925,24.348485946655273,1800
2024-08-29 20:00:00-04:00,24.343760446339854,24.343760446339854,24.30595871122418,24.308794021606445,3600
2024-09-02 20:00:00-04:00,24.343762873686078,24.343762873686078,24.32486200424361,24.334312438964844,1700
2024-09-03 20:00:00-04:00,24.34376382882399,24.357938580218935,24.34376382882399,24.353214263916016,1200
2024-09-04 20:00:00-04:00,24.3721137035803,24.3721137035803,24.35793715053126,24.36266326904297,600
2024-09-05 20:00:00-04:00,24.376837441545636,24.428813929025377,24.376837441545636,24.39101219177246,11800
2024-09-08 20:00:00-04:00,24.409915670797446,24.43259635507746,24.409915670797446,24.421255111694336,19300
2024-09-09 20:00:00-04:00,24.43826836986477,24.471343994140625,24.43826836986477,24.471343994140625,1300
2024-09-10 20:00:00-04:00,24.49024200439453,24.513867190047414,24.48551588577228,24.49024200439453,700
2024-09-11 20:00:00-04:00,24.486460574864893,24.49969082313009,24.486460574864893,24.494966506958008,2000
2024-09-12 20:00:00-04:00,24.56111717224121,24.56111717224121,24.56111717224121,24.56111717224121,100
2024-09-15 20:00:00-04:00,24.580019474508337,24.943853116966267,24.57529335568542,24.58946990966797,1700
2024-09-16 20:00:00-04:00,24.589470095858957,24.594194412231445,24.580019660627766,24.594194412231445,1500
2024-09-17 20:00:00-04:00,24.560173473803452,24.60837015114009,24.553558349609375,24.553558349609375,600
2024-09-18 20:00:00-04:00,24.61782103052469,24.622547149658203,24.61782103052469,24.622547149658203,1400
2024-09-19 20:00:00-04:00,24.60837287346797,24.63294256498424,24.60837287346797,24.63199806213379,1300
2024-09-22 20:00:00-04:00,24.55166806639822,24.627269744873047,24.542217631278096,24.627269744873047,2000
2024-09-23 20:00:00-04:00,24.693422131477096,24.693422131477096,24.683973498405713,24.688697814941406,3100
2024-09-24 20:00:00-04:00,24.65562181913989,24.65562181913989,24.641447067260742,24.641447067260742,200
2024-09-25 20:00:00-04:00,24.63672076102935,24.63672076102935,24.598920822143555,24.598920822143555,2600
2024-09-26 20:00:00-04:00,24.64617156982422,24.64617156982422,24.64617156982422,24.64617156982422,100
2024-09-29 20:00:00-04:00,24.636720179993176,24.636720179993176,24.5941941231957,24.627269744873047,1300
2024-09-30 20:00:00-04:00,24.67681515496417,24.67681515496417,24.64823313401874,24.66061782836914,800
2024-10-01 20:00:00-04:00,24.662521362304688,24.662521362304688,24.662521362304688,24.662521362304688,100
2024-10-02 20:00:00-04:00,24.61964639661266,24.633937405402477,24.61488151550293,24.61488151550293,2600
2024-10-03 20:00:00-04:00,24.51960668489356,24.52436974892482,24.481494903564453,24.481494903564453,3800
2024-10-06 20:00:00-04:00,24.457672874878934,24.47196388244629,24.438616986609443,24.47196388244629,1900
2024-10-07 20:00:00-04:00,24.457675210963362,24.49102210998535,24.457675210963362,24.49102210998535,19700
2024-10-08 20:00:00-04:00,24.450057378120515,24.467206954956055,24.438623115383496,24.467206954956055,3200
2024-10-09 20:00:00-04:00,24.505315883780337,24.529136657714844,24.50055281935538,24.529136657714844,1600
2024-10-10 20:00:00-04:00,24.53390102428092,24.546287536621094,24.53390102428092,24.546287536621094,1200
2024-10-13 20:00:00-04:00,24.505312396604875,24.53389623089678,24.486258324346586,24.524368286132812,5300
2024-10-14 20:00:00-04:00,24.53389623089678,24.543424175660746,24.520557471681155,24.524368286132812,3700
2024-10-15 20:00:00-04:00,24.524370608143446,24.524370608143446,24.519607543945312,24.519607543945312,1200
2024-10-16 20:00:00-04:00,24.49578824934802,24.505316195589078,24.486262120376896,24.500553131103516,6800
2024-10-17 20:00:00-04:00,24.524370608143446,24.529135489611402,24.519607543945312,24.519607543945312,600
2024-10-20 20:00:00-04:00,24.52437238835744,24.52437238835744,24.44338757022174,24.448150634765625,8500
2024-10-21 20:00:00-04:00,24.466251629812596,24.467203879164312,24.447195739159753,24.45767593383789,6800
2024-10-22 20:00:00-04:00,24.419564861900458,24.419564861900458,24.390982842360668,24.400510787963867,8700
2024-10-23 20:00:00-04:00,24.390984334204646,24.41956635549262,24.390984334204646,24.405275344848633,4200
2024-10-24 20:00:00-04:00,24.400511098525943,24.400511098525943,24.37192726135254,24.37192726135254,3700
2024-10-27 20:00:00-04:00,24.34334224185243,24.34334224185243,24.31476022333705,24.338579177856445,10900
2024-10-28 20:00:00-04:00,24.333817295724494,24.37192726135254,24.324289350000026,24.37192726135254,900
2024-10-29 20:00:00-04:00,24.400511098525943,24.409084977589085,24.37192726135254,24.37192726135254,9600
2024-10-30 20:00:00-04:00,24.37192726135254,24.38050295768551,24.319524468502877,24.37192726135254,2600
2024-10-31 20:00:00-04:00,24.381452527087873,24.381452527087873,24.323332609738056,24.33381462097168,10400
2024-11-03 19:00:00-05:00,24.362400782192317,24.362400782192317,24.305234921674074,24.32905387878418,9500
2024-11-04 19:00:00-05:00,24.286177539045568,24.324289321899414,24.286177539045568,24.324289321899414,6700
2024-11-05 19:00:00-05:00,24.31952299422764,24.39860330340395,24.306184234475957,24.390981674194336,27500
2024-11-06 19:00:00-05:00,24.41956255517476,24.4386184445811,24.40050848303806,24.42909049987793,20000
2024-11-07 19:00:00-05:00,24.45672208469801,24.457674333987438,24.422421120312677,24.42909049987793,9500
2024-11-10 19:00:00-05:00,24.36240048276022,24.38145637512207,24.36240048276022,24.38145637512207,9500
2024-11-11 19:00:00-05:00,24.35286869305638,24.381452527087873,24.324286676294516,24.33381462097168,23900
2024-11-12 19:00:00-05:00,24.333819512767285,24.351921339204143,24.32429156617473,24.343345642089844,9700
2024-11-13 19:00:00-05:00,24.34334222662739,24.352870171883136,24.314760208129883,24.314760208129883,9200
2024-11-14 19:00:00-05:00,24.276651833211954,24.3528735886824,24.276651833211954,24.343345642089844,10400
2024-11-17 19:00:00-05:00,24.352872536579294,24.38145637512207,24.352872536579294,24.38145637512207,19000
2024-11-18 19:00:00-05:00,24.395745167777875,24.419564122429687,24.390982103755416,24.410037994384766,15600
2024-11-19 19:00:00-05:00,24.414801797733762,24.420518928549644,24.390982842360668,24.400510787963867,9100
2024-11-20 19:00:00-05:00,24.38145637512207,24.410040213664843,24.371928428941146,24.38145637512207,5600
2024-11-21 19:00:00-05:00,24.352872536579294,24.38145637512207,24.352872536579294,24.38145637512207,5700
2024-11-24 19:00:00-05:00,24.419565200805664,24.419565200805664,24.40051112660463,24.419565200805664,4400
2024-11-25 19:00:00-05:00,24.410038733567067,24.419564861900458,24.381454896757464,24.400510787963867,7500
2024-11-26 19:00:00-05:00,24.419566795692464,24.448150634765625,24.419566795692464,24.448150634765625,11100
2024-11-28 19:00:00-05:00,24.45767590368839,24.45767590368839,24.410037994384766,24.410037994384766,6000
2024-12-01 19:00:00-05:00,24.45767758408631,24.47196859440533,24.45767758408631,24.46625328063965,2300
2024-12-02 19:00:00-05:00,24.505312704405128,24.505312704405128,24.476730687023867,24.495784759521484,18500
2024-12-03 19:00:00-05:00,24.505312396604875,24.524368286132812,24.505312396604875,24.524368286132812,4700
2024-12-04 19:00:00-05:00,24.495785927952895,24.505313873291016,24.486259799884532,24.505313873291016,5300
2024-12-05 19:00:00-05:00,24.541517859800095,24.543424175660746,24.51198177621269,24.524368286132812,4700
2024-12-08 19:00:00-05:00,24.51484039305618,24.51484039305618,24.487210625271167,24.50436019897461,12500
2024-12-09 19:00:00-05:00,24.486262120376896,24.505316195589078,24.477686423578966,24.500553131103516,9900
2024-12-10 19:00:00-05:00,24.524369763967258,24.524369763967258,24.487212049237417,24.505313873291016,7400
2024-12-11 19:00:00-05:00,24.503409359555665,24.505313858260266,24.481494903564453,24.481494903564453,13900
2024-12-12 19:00:00-05:00,24.48626125050899,24.48626125050899,24.429093575093514,24.438621520996094,1500
2024-12-15 19:00:00-05:00,24.43862109227653,24.448149038011962,24.419565200805664,24.419565200805664,38900
2024-12-16 19:00:00-05:00,24.390981674194336,24.410037564488086,24.390981674194336,24.390981674194336,9000
2024-12-17 19:00:00-05:00,24.418829149337437,24.418829149337437,24.29399730374398,24.298799514770508,9400
2024-12-18 19:00:00-05:00,24.313203572005687,24.313203572005687,24.26999282836914,24.26999282836914,4500
2024-12-19 19:00:00-05:00,24.305521562024246,24.332408083412105,24.303600311279297,24.303600311279297,17000
2024-12-22 19:00:00-05:00,24.303601309367007,24.322806491577587,24.28439795866341,24.29399871826172,8200
2024-12-23 19:00:00-05:00,24.293998629505094,24.313203811645508,24.28439786994186,24.313203811645508,6000
2024-12-25 19:00:00-05:00,24.303602129153326,24.32280731201172,24.28439877780198,24.32280731201172,14700
2024-12-26 19:00:00-05:00,24.313202901990234,24.322805492701168,24.298799931677284,24.303600311279297,14900
2024-12-29 19:00:00-05:00,24.351613998413086,24.351613998413086,24.33240881641267,24.351613998413086,7400
2024-12-30 19:00:00-05:00,24.370818004422755,24.399625778198242,24.351614653412778,24.399625778198242,8400
2025-01-01 19:00:00-05:00,24.399625867401657,24.399625867401657,24.380420684814453,24.380420684814453,4100
2025-01-02 19:00:00-05:00,24.399624122351092,24.399624122351092,24.351613000823836,24.361215591430664,14900
2025-01-05 19:00:00-05:00,24.351613000823836,24.370816350530607,24.34681078976698,24.361215591430664,7900
2025-01-06 19:00:00-05:00,24.365054771040906,24.390020039886107,24.35641189057135,24.36601448059082,6800
2025-01-07 19:00:00-05:00,24.392903149894675,24.40922737121582,24.38041959861846,24.40922737121582,6900
2025-01-09 19:00:00-05:00,24.40922621908879,24.40922621908879,24.351612508120397,24.356412887573242,4500
2025-01-12 19:00:00-05:00,24.361216336637263,24.39002227783203,24.361216336637263,24.39002227783203,4200
2025-01-13 19:00:00-05:00,24.390022189484245,24.416908711305677,24.390022189484245,24.40922737121582,7900
2025-01-14 19:00:00-05:00,24.490847126488042,24.505251928822613,24.485087037061184,24.495649337768555,31400
2025-01-15 19:00:00-05:00,24.55326138354483,24.55326138354483,24.53885841369629,24.53885841369629,1300
2025-01-16 19:00:00-05:00,24.553263381046442,24.553263381046442,24.514854847823372,24.519655227661133,3900
2025-01-20 19:00:00-05:00,24.52445702217165,24.52445702217165,24.48604665809443,24.514854431152344,13400
2025-01-21 19:00:00-05:00,24.505251928822613,24.51005230859616,24.476444155660438,24.495649337768555,12600
2025-01-22 19:00:00-05:00,24.493730141337302,24.514856576030972,24.493730141337302,24.51389503479004,5200
2025-01-23 19:00:00-05:00,24.524458674428267,24.553264617919922,24.524458674428267,24.553264617919922,7700
2025-01-26 19:00:00-05:00,24.60127690368919,24.60127690368919,24.582071720881736,24.586872100830078,2200
2025-01-27 19:00:00-05:00,24.591672733306613,24.610876083374023,24.57246755173228,24.610876083374023,7900
2025-01-28 19:00:00-05:00,24.6089578271933,24.6089578271933,24.559025451644278,24.58207130432129,2700
2025-01-29 19:00:00-05:00,24.610876664615102,24.620479255629057,24.596473693847656,24.596473693847656,800
2025-01-30 19:00:00-05:00,24.62048049261004,24.630083084106445,24.610877901113636,24.630083084106445,8100
2025-02-02 19:00:00-05:00,24.726104912042366,24.745310093283276,24.668491199826526,24.687694549560547,10200
2025-02-03 19:00:00-05:00,24.639681438187463,24.706897735595703,24.639681438187463,24.706897735595703,3500
2025-02-04 19:00:00-05:00,24.709782005207828,24.73570881811116,24.709782005207828,24.72130584716797,4400
2025-02-05 19:00:00-05:00,24.706902132343824,24.716504723897664,24.6924991607666,24.6924991607666,2400
2025-02-06 19:00:00-05:00,24.668490870667565,24.67809346115989,24.65888828017524,24.66368865966797,3100
2025-02-09 19:00:00-05:00,24.697297140181004,24.703059060854653,24.678093790446983,24.687694549560547,13800
2025-02-10 19:00:00-05:00,24.668491199826526,24.697297140181004,24.668491199826526,24.687694549560547,8400
2025-02-11 19:00:00-05:00,24.66849345009207,24.66849345009207,24.630083084106445,24.630083084106445,8000
2025-02-12 19:00:00-05:00,24.677131415458593,24.687693715332113,24.658887775951026,24.67809295654297,1900
2025-02-13 19:00:00-05:00,24.716502726437202,24.735707907992815,24.706900135659396,24.711702346801758,14200
2025-02-17 19:00:00-05:00,24.678093790446983,24.697297140181004,24.678093790446983,24.687694549560547,16900
2025-02-18 19:00:00-05:00,24.700179414076707,24.72130584716797,24.697298453586672,24.72130584716797,4500
2025-02-19 19:00:00-05:00,24.72610655454388,24.75491432831888,24.72610655454388,24.745311737060547,13100
2025-02-20 19:00:00-05:00,24.76451534003501,24.783718689819832,24.754912749389156,24.769315719604492,14500
2025-02-23 19:00:00-05:00,24.77411574422628,24.80292351575111,24.76451498522487,24.801963806152344,12600
2025-02-24 19:00:00-05:00,24.86053906421285,24.86053906421285,24.84133571328425,24.84613609313965,5300
2025-02-25 19:00:00-05:00,24.840373174524377,24.860538065819846,24.83077058369221,24.855737686157227,4700
2025-02-26 19:00:00-05:00,24.859579592807624,24.889347076416016,24.855738922585093,24.889347076416016,4600
2025-02-27 19:00:00-05:00,24.93735768044028,24.985370635986328,24.93735768044028,24.985370635986328,7500
2025-03-02 19:00:00-05:00,24.95656170256892,25.014175415039062,24.95656170256892,25.014175415039062,4400
2025-03-03 19:00:00-05:00,25.052587270683354,25.071792453153556,25.003614604836446,25.009376525878906,20600
2025-03-04 19:00:00-05:00,24.966166213844303,24.994973988048965,24.932558059692383,24.932558059692383,33500
2025-03-05 19:00:00-05:00,24.918153762817383,24.918153762817383,24.8989485810359,24.918153762817383,12100
2025-03-06 19:00:00-05:00,24.93735620256468,24.95656138364493,24.89606671159832,24.908550262451172,12400
2025-03-09 20:00:00-04:00,24.966165453767907,24.99497322709554,24.966165453767907,24.985370635986328,6700
2025-03-10 20:00:00-04:00,25.004576817447607,25.014177577433504,24.956563859982843,24.97576904296875,4700
2025-03-11 20:00:00-04:00,24.966163635253906,24.975766225663673,24.947919995530146,24.966163635253906,8300
2025-03-12 20:00:00-04:00,24.94695887109077,24.975766642801208,24.94215849155914,24.970964431762695,7900
2025-03-13 20:00:00-04:00,24.966162811783022,24.966162811783022,24.927752451410868,24.937355041503906,10100
2025-03-16 20:00:00-04:00,24.937357113091927,24.937357113091927,24.908551171926643,24.918153762817383,4000
2025-03-17 20:00:00-04:00,24.937355041503906,24.937355041503906,24.927752451410868,24.937355041503906,5500
2025-03-18 20:00:00-04:00,24.90855058076162,25.014175415039062,24.90855058076162,25.014175415039062,2000
2025-03-19 20:00:00-04:00,25.052587016620205,25.052587016620205,25.02377924320705,25.04778480529785,11000
2025-03-20 20:00:00-04:00,25.08139519383138,25.08139519383138,25.05258741995443,25.071792602539062,9700
2025-03-23 20:00:00-04:00,25.06218828031017,25.06218828031017,25.01417532716464,25.03338050842285,11200
2025-03-24 20:00:00-04:00,25.042983920284843,25.06218910217285,25.02377873839684,25.06218910217285,5800
2025-03-25 20:00:00-04:00,25.05258651122885,25.071791693116854,25.05258651122885,25.06218910217285,1500
2025-03-26 20:00:00-04:00,25.110198887128707,25.129404067993164,25.100596296696477,25.129404067993164,3800
2025-03-27 20:00:00-04:00,25.158213898491745,25.206225023075756,25.15437139679886,25.191822052001953,2700
2025-03-30 20:00:00-04:00,25.2158260345459,25.254234565505445,25.2158260345459,25.2158260345459,15500
2025-03-31 20:00:00-04:00,25.259478350853897,25.259478350853897,25.22067642211914,25.22067642211914,7800
2025-04-01 20:00:00-04:00,25.269176483154297,25.278876965146154,25.191574477397182,25.269176483154297,135600
2025-04-02 20:00:00-04:00,25.393339708280383,25.395280544722795,25.37587958100963,25.38558006286621,5100
2025-04-03 20:00:00-04:00,25.43408053305466,25.43408053305466,25.263357233473318,25.317678451538086,19800
2025-04-06 20:00:00-04:00,25.29827784122996,25.307978323188117,25.201274871826172,25.201274871826172,28800
2025-04-07 20:00:00-04:00,25.210974913055665,25.278876435397965,25.210974913055665,25.24977684020996,8000
2025-04-08 20:00:00-04:00,25.147922414231957,25.240076065063477,25.133372616807062,25.240076065063477,9100
2025-04-09 20:00:00-04:00,25.191575626851687,25.21000709853055,25.11397361755371,25.11397361755371,10200
2025-04-10 20:00:00-04:00,24.968467848208963,25.07032012939453,24.920936783655698,25.07032012939453,12000
2025-04-13 20:00:00-04:00,25.162473357343785,25.162473357343785,25.114942293587376,25.132402420043945,15300
2025-04-14 20:00:00-04:00,25.16247363312291,25.181872745966352,25.123671707080693,25.128522872924805,19400
2025-04-15 20:00:00-04:00,25.172176361083984,25.180905500098135,25.153744889515746,25.172176361083984,19700
2025-04-16 20:00:00-04:00,25.181872341570873,25.24977571105429,25.181872341570873,25.244924545288086,5100
2025-04-20 20:00:00-04:00,25.240076834794515,25.28760790133121,25.228435516357422,25.228435516357422,3100
2025-04-21 20:00:00-04:00,25.259476779879705,25.269175411282408,25.24007581671894,25.264326095581055,12500
2025-04-22 20:00:00-04:00,25.31767836255226,25.31767836255226,25.22940638350727,25.24977684020996,3000
2025-04-23 20:00:00-04:00,25.278878720705528,25.340961439729377,25.278878720705528,25.327381134033203,12300
2025-04-24 20:00:00-04:00,25.356477737426758,25.366178218946732,25.354538751229363,25.356477737426758,14500
2025-04-27 20:00:00-04:00,25.39528088181693,25.429231643676758,25.39528088181693,25.429231643676758,9300
2025-04-28 20:00:00-04:00,25.43408203125,25.443782513644077,25.404982434245607,25.43408203125,8100
2025-04-29 20:00:00-04:00,25.439901120834016,25.477731704711914,25.439901120834016,25.477731704711914,4500
2025-04-30 20:00:00-04:00,25.44766097083892,25.45930228915818,25.408860893522778,25.419530868530273,6000
2025-05-01 20:00:00-04:00,25.414683627845132,25.414683627845132,25.31768065136767,25.327381134033203,3300
2025-05-04 20:00:00-04:00,25.327378933360755,25.327378933360755,25.288577006070078,25.317678451538086,3000
2025-05-05 20:00:00-04:00,25.346777255906783,25.356477737426758,25.337078624564477,25.356477737426758,7700
2025-05-06 20:00:00-04:00,25.35745020960345,25.37587983018751,25.341929068444962,25.361330032348633,3000
2025-05-07 20:00:00-04:00,25.337080780519425,25.337080780519425,25.31767981582863,25.332229614257812,1609200
2025-05-08 20:00:00-04:00,25.37587790313406,25.38557838434924,25.34677645948853,25.347747802734375,26800
2025-05-11 20:00:00-04:00,25.220676378950984,25.22358670861889,25.172175818293347,25.186725616455078,11000
2025-05-12 20:00:00-04:00,25.17217527612946,25.206126037894123,25.162474794171306,25.201274871826172,25500
2025-05-13 20:00:00-04:00,25.20127437789203,25.210974859660062,25.191573896124,25.209035873413086,4200
2025-05-14 20:00:00-04:00,25.220675678942968,25.252687454223633,25.220675678942968,25.252687454223633,5400
2025-05-15 20:00:00-04:00,25.288577447138014,25.288577447138014,25.259477851340197,25.269176483154297,13400
2025-05-18 20:00:00-04:00,25.24977634343419,25.298276901245117,25.24977634343419,25.298276901245117,7700
2025-05-19 20:00:00-04:00,25.288577006070078,25.317678451538086,25.271116878860365,25.317678451538086,6900
2025-05-20 20:00:00-04:00,25.298277692783635,25.298277692783635,25.24977713345521,25.259477615356445,15400
2025-05-21 20:00:00-04:00,25.26917629113627,25.293428421020508,25.26917629113627,25.293428421020508,6900
2025-05-22 20:00:00-04:00,25.337080001831055,25.337080001831055,25.29827807364197,25.337080001831055,8300
2025-05-26 20:00:00-04:00,25.327381134033203,25.327381134033203,25.307980168702134,25.327381134033203,9400
2025-05-27 20:00:00-04:00,25.31767786444056,25.31767786444056,25.288576419647395,25.298276901245117,7500
2025-05-28 20:00:00-04:00,25.27887652424741,25.317678451538086,25.27887652424741,25.317678451538086,1700
2025-05-29 20:00:00-04:00,25.29827753217295,25.35162925720215,25.29827753217295,25.35162925720215,3200
2025-06-01 20:00:00-04:00,25.3661795977951,25.3661795977951,25.317679037736514,25.337080001831055,17600
2025-06-02 20:00:00-04:00,25.346779663327673,25.355510652578214,25.298279101298913,25.307979583740234,11900
2025-06-03 20:00:00-04:00,25.327380298174027,25.346779412686995,25.31767981582863,25.332229614257812,6400
2025-06-04 20:00:00-04:00,25.34580796594958,25.34580796594958,25.29730740813865,25.298276901245117,9400
2025-06-05 20:00:00-04:00,25.269177276273112,25.273058949333898,25.230377197265625,25.230377197265625,1600
2025-06-08 20:00:00-04:00,25.249777040941446,25.261416509073637,25.230376077210064,25.232315063476562,8900
2025-06-09 20:00:00-04:00,25.24977713345521,25.269176247079937,25.230376169652743,25.259477615356445,9900
2025-06-10 20:00:00-04:00,25.230375335138557,25.269175411282408,25.22164434666291,25.264326095581055,8000
2025-06-11 20:00:00-04:00,25.307977925299273,25.307977925299273,25.28275630256905,25.283727645874023,3700
2025-06-12 20:00:00-04:00,25.31767843377913,25.337079397410857,25.27887650651567,25.30409812927246,3900
2025-06-15 20:00:00-04:00,25.298277736890707,25.307978218808852,25.278876773054414,25.293428421020508,20500
2025-06-16 20:00:00-04:00,25.31767981582863,25.342899589784402,25.29536852141643,25.332229614257812,2900
2025-06-17 20:00:00-04:00,25.375878700466707,25.375878700466707,25.337078624564477,25.356477737426758,10400
2025-06-19 20:00:00-04:00,25.356478075903564,25.414680965800347,25.356478075903564,25.400129318237305,5300
2025-06-22 20:00:00-04:00,25.443780311864174,25.472881756528107,25.424379348754883,25.424379348754883,8100
2025-06-23 20:00:00-04:00,25.395280588935467,25.42438018437814,25.391400766221626,25.419530868530273,3400
2025-06-24 20:00:00-04:00,25.42438077058865,25.44378173478292,25.414682138669296,25.438932418823242,16200
2025-06-25 20:00:00-04:00,25.443780668362265,25.4825825951245,25.443780668362265,25.481611251831055,5600
2025-06-26 20:00:00-04:00,25.472883517408572,25.492284481859006,25.472883517408572,25.48258399963379,12200
2025-06-29 20:00:00-04:00,25.492284774780273,25.521384371612488,25.492284774780273,25.492284774780273,20100
2025-06-30 20:00:00-04:00,25.496202398623275,25.496202398623275,25.466816937285042,25.476612091064453,7000
2025-07-01 20:00:00-04:00,25.476610694487913,25.49620100097283,25.476610694487913,25.491302490234375,5500
2025-07-02 20:00:00-04:00,25.476612530866937,25.48640768481544,25.469756109926443,25.47171401977539,9100
2025-07-06 20:00:00-04:00,25.476612161259272,25.49620246887207,25.471713650238794,25.49620246887207,11100
2025-07-07 20:00:00-04:00,25.486406326293945,25.48934505914531,25.47661117286756,25.486406326293945,2700
2025-07-08 20:00:00-04:00,25.49620249992896,25.515790939331055,25.49620249992896,25.515790939331055,10700
2025-07-09 20:00:00-04:00,25.525585142774336,25.525585142774336,25.49620155064793,25.505996704101562,23900
2025-07-10 20:00:00-04:00,25.525585245382146,25.545175552368164,25.515790091889137,25.545175552368164,16200
2025-07-13 20:00:00-04:00,25.55497169494629,25.55497169494629,25.545176541074166,25.55497169494629,10100
2025-07-14 20:00:00-04:00,25.55007311378926,25.55007311378926,25.525586163293426,25.535381317138672,9900
2025-07-15 20:00:00-04:00,25.532440852236096,25.594148635864258,25.532440852236096,25.594148635864258,8700
2025-07-16 20:00:00-04:00,25.58925346075945,25.601006524309724,25.58925346075945,25.599048614501953,2400
2025-07-17 20:00:00-04:00,25.662715770595398,25.662715770595398,25.61374000266365,25.62353515625,14000
2025-07-20 20:00:00-04:00,25.662715911865234,25.662715911865234,25.638227093647295,25.662715911865234,5500
2025-07-21 20:00:00-04:00,25.657817400927836,25.672509197270976,25.6558594911405,25.662715911865234,16800
2025-07-22 20:00:00-04:00,25.61863892198696,25.62255660983705,25.599048614501953,25.599048614501953,5500
2025-07-23 20:00:00-04:00,25.584355350917882,25.594148635864258,25.57162146495937,25.594148635864258,7900
2025-07-24 20:00:00-04:00,25.584355350917882,25.594148635864258,25.57456019773706,25.594148635864258,4900
2025-07-27 20:00:00-04:00,25.594150033150427,25.594150033150427,25.564766440238245,25.579458236694336,9800
2025-07-28 20:00:00-04:00,25.59415019243524,25.633330807541377,25.59415019243524,25.63039207458496,10900
2025-07-29 20:00:00-04:00,25.62353409540671,25.63724693621297,25.594148635864258,25.594148635864258,10100
2025-07-30 20:00:00-04:00,25.599049023384012,25.603945666216198,25.56476691885495,25.574562072753906,60100
2025-07-31 20:00:00-04:00,25.643124719277672,25.69209861755371,25.643124719277672,25.69209861755371,5600
2025-08-03 20:00:00-04:00,25.711689984233505,25.721485137939453,25.68916094388637,25.721485137939453,18900
2025-08-04 20:00:00-04:00,25.706792281624093,25.71168892415791,25.69209861755371,25.69209861755371,14600
2025-08-05 20:00:00-04:00,25.700915365667043,25.708750741182513,25.700915365667043,25.7067928314209,5200
2025-08-06 20:00:00-04:00,25.696016854793992,25.7067928314209,25.696016854793992,25.7067928314209,1300
2025-08-07 20:00:00-04:00,25.711688995361328,25.711688995361328,25.68230353537365,25.711688995361328,9700
2025-08-10 20:00:00-04:00,25.711689066456323,25.731279373168945,25.711689066456323,25.731279373168945,9800
2025-08-11 20:00:00-04:00,25.71071055082965,25.731279812758963,25.71071055082965,25.726381301879883,17600
2025-08-12 20:00:00-04:00,25.765562497195635,25.768501230142473,25.750870700695994,25.760663986206055,6700
2025-08-13 20:00:00-04:00,25.742054916624124,25.75087111560669,25.725403341813443,25.740095138549805,6800
2025-08-14 20:00:00-04:00,25.731279373168945,25.741074526525257,25.715606754151953,25.731279373168945,7300
2025-08-17 20:00:00-04:00,25.72540234699787,25.731279812758963,25.71560719347422,25.726381301879883,5000
2025-08-18 20:00:00-04:00,25.721484219812634,25.74009370342549,25.721484219812634,25.731279373168945,6500
2025-08-19 20:00:00-04:00,25.750869750976562,25.77045818950879,25.745971240167645,25.750869750976562,15000
2025-08-20 20:00:00-04:00,25.750869200987818,25.750869200987818,25.72148374146537,25.736175537109375,26400
2025-08-21 20:00:00-04:00,25.78025368972332,25.868408203125,25.77045853620819,25.868408203125,4000
2025-08-24 20:00:00-04:00,25.858613457764296,25.858613457764296,25.83902315042482,25.843921661376953,6800
2025-08-25 20:00:00-04:00,25.868407356578356,25.89779281616211,25.86448966894741,25.89779281616211,22800
2025-08-26 20:00:00-04:00,25.9310966165395,25.956562520899308,25.9310966165395,25.9516658782959,7800
2025-08-27 20:00:00-04:00,25.932074582649946,25.946766378134477,25.932074582649946,25.941869735717773,13900
2025-08-28 20:00:00-04:00,25.956561052545403,25.976151358319804,25.946765899658203,25.946765899658203,5900
2025-09-01 20:00:00-04:00,25.917382275618646,25.93697258277979,25.909546900047996,25.92717742919922,8000
2025-09-02 20:00:00-04:00,25.927176989663778,25.936972143078297,25.909546460811438,25.93207550048828,6600
2025-09-03 20:00:00-04:00,25.946766817662468,25.946766817662468,25.927176511194954,25.93697166442871,5900
2025-09-04 20:00:00-04:00,25.976152859598784,25.98594801305209,25.962440018411055,25.971254348754883,12900
2025-09-07 20:00:00-04:00,25.991822252450824,26.00553509292205,25.977130457155763,25.985946655273438,14700
2025-09-08 20:00:00-04:00,25.995742176074366,25.995742176074366,25.961458206176758,25.961458206176758,7900
2025-09-09 20:00:00-04:00,25.96635726675639,25.985947573331504,25.96635726675639,25.976152420043945,10500
2025-09-10 20:00:00-04:00,25.97615234875768,25.98594750201836,25.94676688897565,25.956562042236328,16800
2025-09-11 20:00:00-04:00,25.956562520899308,25.956562520899308,25.942849679728372,25.9516658782959,5700
2025-09-14 20:00:00-04:00,25.956562520899308,25.95950125375515,25.946767367457998,25.9516658782959,8700
2025-09-15 20:00:00-04:00,25.96635726675639,25.976152420043945,25.96635726675639,25.976152420043945,9700
2025-09-16 20:00:00-04:00,25.96635627746582,26.010433531463303,25.946765971637074,25.96635627746582,10300
2025-09-17 20:00:00-04:00,25.94676688897565,25.956562042236328,25.936971735714973,25.956562042236328,6800
2025-09-18 20:00:00-04:00,25.940888434279007,25.946765899658203,25.927175593883803,25.946765899658203,6600
2025-09-21 20:00:00-04:00,25.932075940106763,25.93697258277979,25.917382275618646,25.92717742919922,5200
2025-09-22 20:00:00-04:00,25.927176582454297,25.956562042236328,25.91248478668051,25.956562042236328,17500
2025-09-23 20:00:00-04:00,25.928157334282446,25.93697166442871,25.922279868695302,25.93697166442871,3200
2025-09-24 20:00:00-04:00,25.89779281616211,25.907587969356694,25.88407997533658,25.89779281616211,19300
2025-09-25 20:00:00-04:00,25.917382244074368,25.917382244074368,25.893876117391027,25.907588958740234,13600
2025-09-28 20:00:00-04:00,25.888977606489444,25.907588958740234,25.888977606489444,25.907588958740234,7900
2025-09-29 20:00:00-04:00,25.907588480104064,25.927176918644957,25.907588480104064,25.912485122680664,45400
2025-09-30 20:00:00-04:00,25.956999690835513,25.956999690835513,25.930290464928788,25.947107315063477,9700
2025-10-01 20:00:00-04:00,25.93721580505371,25.93721580505371,25.917432939627055,25.93721580505371,7500
2025-10-02 20:00:00-04:00,25.91743278503418,25.937215650342836,25.91743278503418,25.91743278503418,17900
2025-10-05 20:00:00-04:00,25.927322387695312,25.927322387695312,25.908528194600322,25.927322387695312,13500
2025-10-06 20:00:00-04:00,25.966893108590867,25.966893108590867,25.91743311452373,25.957000732421875,9900
2025-10-07 20:00:00-04:00,25.957000732421875,25.957000732421875,25.937215980083888,25.957000732421875,11000
2025-10-08 20:00:00-04:00,25.9322705603915,25.947108181155947,25.927323428951475,25.93721580505371,4000
2025-10-09 20:00:00-04:00,25.9471074907536,25.96689224243164,25.946118819203026,25.96689224243164,3000
2025-10-12 20:00:00-04:00,25.907539364770802,25.97678410750466,25.907539364770802,25.961946487426758,2600
2025-10-13 20:00:00-04:00,25.966893108590867,25.976785484759862,25.957000732421875,25.957000732421875,8700
2025-10-14 20:00:00-04:00,25.99360111300185,25.99360111300185,25.9767842629833,25.98172950744629,4500
2025-10-15 20:00:00-04:00,25.976784505656955,26.00646163304536,25.976784505656955,25.998546600341797,5900
2025-10-16 20:00:00-04:00,26.016352410739724,26.016352410739724,25.986677169799805,25.986677169799805,5400
2025-10-19 20:00:00-04:00,25.991622924804688,25.996570056243684,25.98667768014351,25.991622924804688,12700
2025-10-20 20:00:00-04:00,25.986677169799805,26.026244786645627,25.986677169799805,25.986677169799805,24300
2025-10-21 20:00:00-04:00,25.996569365977727,26.036136982549998,25.986676990140218,26.021299362182617,7200
2025-10-22 20:00:00-04:00,26.03613733830821,26.03613733830821,26.00646209716797,26.00646209716797,14900
2025-10-23 20:00:00-04:00,25.993601288909023,26.006461566088664,25.993601288909023,26.001514434814453,7500
2025-10-26 20:00:00-04:00,25.976784793893906,25.996569545705704,25.976784793893906,25.986677169799805,12000
2025-10-27 20:00:00-04:00,25.97678565979004,25.97678565979004,25.957000907318744,25.97678565979004,20400
2025-10-28 20:00:00-04:00,25.971837490946122,25.976784622255277,25.912485122680664,25.912485122680664,20300
2025-10-29 20:00:00-04:00,25.907540233642294,25.907540233642294,25.87291786111422,25.897647857666016,15200
2025-10-30 20:00:00-04:00,25.890723558395237,25.91743278503418,25.890723558395237,25.91743278503418,32100
2025-11-02 19:00:00-05:00,25.89764699203016,25.927322232189294,25.89764699203016,25.90753936767578,13200
2025-11-03 19:00:00-05:00,25.92732291870616,25.93325872160625,25.92237767414127,25.932270050048828,7900
2025-11-04 19:00:00-05:00,25.937214942903996,25.937214942903996,25.88775495081467,25.8927001953125,8900
2025-11-05 19:00:00-05:00,25.90754110027062,25.912486345035287,25.88775634765625,25.88775634765625,4700
2025-11-06 19:00:00-05:00,25.877863105713462,25.916442051276487,25.877863105713462,25.897647857666016,4300
2025-11-09 19:00:00-05:00,25.887754771653242,25.927322387695312,25.887754771653242,25.927322387695312,14500
2025-11-10 19:00:00-05:00,25.93622766426884,25.947108712170643,25.93622766426884,25.942163467407227,5500
2025-11-11 19:00:00-05:00,25.92831294601023,25.937214763400267,25.9174318987681,25.927322387695312,14800
2025-11-12 19:00:00-05:00,25.9105083104817,25.92237802966689,25.90754040899095,25.91743278503418,6300
2025-11-13 19:00:00-05:00,25.923366701237875,25.927323274299603,25.90259327758043,25.91743278503418,8000
2025-11-16 19:00:00-05:00,25.90754040899095,25.91743278503418,25.898636704518697,25.91743278503418,16700
2025-11-17 19:00:00-05:00,25.927322743052585,25.927322743052585,25.90753987814928,25.912485122680664,18400
2025-11-18 19:00:00-05:00,25.913474325194642,25.91743278503418,25.913474325194642,25.91743278503418,1300
2025-11-19 19:00:00-05:00,25.922377143231706,25.93226951893666,25.907539523063146,25.927322387695312,16300
2025-11-20 19:00:00-05:00,25.897648362185745,25.957000732421875,25.897648362185745,25.957000732421875,18700
2025-11-23 19:00:00-05:00,25.952055843711914,25.95700108847533,25.927323959561267,25.942163467407227,5300
2025-11-24 19:00:00-05:00,25.887755476971808,25.96689259798981,25.887755476971808,25.952054977416992,19300
2025-11-25 19:00:00-05:00,25.952054622061993,25.97678461827066,25.9471074907536,25.96689224243164,19300
2025-11-27 19:00:00-05:00,25.99656916891758,25.99656916891758,25.966892041630015,25.97579574584961,9800
2025-11-30 19:00:00-05:00,25.966892066607553,25.966892066607553,25.9461186435196,25.947107315063477,9300
2025-12-01 19:00:00-05:00,25.947108531083096,25.99557985389328,25.947108531083096,25.97678565979004,35900
2025-12-02 19:00:00-05:00,25.98370867038444,25.98667657176569,25.976784196087443,25.984697341918945,10000
2025-12-03 19:00:00-05:00,25.97183735305372,25.98667686012462,25.970848681508244,25.972827911376953,6100
2025-12-04 19:00:00-05:00,25.986678170259093,25.99657054654584,25.970849990844727,25.970849990844727,5500
2025-12-07 19:00:00-05:00,25.976785484759862,25.976785484759862,25.937215980083888,25.957000732421875,9100
2025-12-08 19:00:00-05:00,25.96689189051513,25.96689189051513,25.912484767526752,25.927322387695312,20200
2025-12-09 19:00:00-05:00,25.917432250014304,25.96689224243164,25.907539874175285,25.96689224243164,22100
2025-12-10 19:00:00-05:00,25.97678461827066,25.97678461827066,25.961946997901013,25.96689224243164,17800
2025-12-11 19:00:00-05:00,25.956999356215636,25.969859633231273,25.951063553473382,25.961946487426758,11100
2025-12-14 19:00:00-05:00,25.98667648314917,25.98667648314917,25.956999356215636,25.961946487426758,17700
2025-12-15 19:00:00-05:00,25.942163467407227,25.947108712170643,25.937216335865955,25.942163467407227,12200
2025-12-16 19:00:00-05:00,25.947108356252883,25.966893108590867,25.937215980083888,25.957000732421875,11400
2025-12-17 19:00:00-05:00,25.927323603914896,25.966893108590867,25.927323603914896,25.957000732421875,11400
2025-12-18 19:00:00-05:00,25.979999542236328,25.979999542236328,25.952999114990234,25.954999923706055,13300
2025-12-21 19:00:00-05:00,25.979999542236328,25.979999542236328,25.950000762939453,25.959999084472656,17400
2025-12-22 19:00:00-05:00,25.950000762939453,25.950000762939453,25.920000076293945,25.94499969482422,23000
2025-12-23 19:00:00-05:00,25.959999084472656,25.969999313354492,25.94499969482422,25.969999313354492,18300
2025-12-25 19:00:00-05:00,25.950000762939453,25.975000381469727,25.950000762939453,25.96500015258789,14900
2025-12-28 19:00:00-05:00,25.969999313354492,25.989999771118164,25.969999313354492,25.989999771118164,58700
2025-12-29 19:00:00-05:00,26.0,26.0,25.979999542236328,26.0,32800
2025-12-30 19:00:00-05:00,25.974000930786133,25.988000869750977,25.969999313354492,25.97599983215332,9200
2026-01-01 19:00:00-05:00,25.969999313354492,25.989999771118164,25.969999313354492,25.989999771118164,48500
2026-01-04 19:00:00-05:00,26.010000228881836,26.020000457763672,25.97100067138672,26.020000457763672,25600
2026-01-05 19:00:00-05:00,25.989999771118164,26.014999389648438,25.989999771118164,26.014999389648438,16200
2026-01-06 19:00:00-05:00,26.0,26.020000457763672,26.0,26.014999389648438,24500
2026-01-07 19:00:00-05:00,26.020000457763672,26.02199935913086,25.999000549316406,26.020000457763672,34300
2026-01-08 19:00:00-05:00,26.020000457763672,26.030000686645508,26.0,26.030000686645508,36100
2026-01-11 19:00:00-05:00,26.059999465942383,26.059999465942383,26.0,26.0049991607666,39700
2026-01-12 19:00:00-05:00,26.030000686645508,26.030000686645508,26.010000228881836,26.030000686645508,13600
2026-01-13 19:00:00-05:00,26.040000915527344,26.049999237060547,26.030000686645508,26.030000686645508,1200
2026-01-14 19:00:00-05:00,26.030000686645508,26.030000686645508,25.979999542236328,25.989999771118164,223300
2026-01-15 19:00:00-05:00,26.0,26.0,25.979000091552734,25.985000610351562,26700
2026-01-19 19:00:00-05:00,25.969999313354492,25.996999740600586,25.969999313354492,25.972999572753906,26400
2026-01-20 19:00:00-05:00,25.979999542236328,26.010000228881836,25.979999542236328,26.010000228881836,41500
2026-01-21 19:00:00-05:00,26.010000228881836,26.010000228881836,25.979999542236328,26.0,15700
2026-01-22 19:00:00-05:00,26.00200080871582,26.020000457763672,25.9950008392334,26.020000457763672,14800
