Date,Open,High,Low,Close,Volume
2021-02-28 19:00:00-05:00,0.0750000029802322,0.0750000029802322,0.0750000029802322,0.0750000029802322,0
2021-03-01 19:00:00-05:00,0.0750000029802322,0.0750000029802322,0.0750000029802322,0.0750000029802322,0
2021-03-02 19:00:00-05:00,0.0750000029802322,0.0750000029802322,0.0750000029802322,0.0750000029802322,0
2021-03-03 19:00:00-05:00,0.0680000036954879,0.0750000029802322,0.0649999976158142,0.0750000029802322,185000
2021-03-04 19:00:00-05:00,0.0750000029802322,0.0750000029802322,0.0750000029802322,0.0750000029802322,0
2021-03-07 19:00:00-05:00,0.0700000002980232,0.0700000002980232,0.0700000002980232,0.0700000002980232,200000
2021-03-08 19:00:00-05:00,0.0700000002980232,0.0700000002980232,0.0700000002980232,0.0700000002980232,0
2021-03-09 19:00:00-05:00,0.0700000002980232,0.0700000002980232,0.0700000002980232,0.0700000002980232,0
2021-03-10 19:00:00-05:00,0.0700000002980232,0.0700000002980232,0.0700000002980232,0.0700000002980232,0
2021-03-11 19:00:00-05:00,0.0700000002980232,0.0700000002980232,0.0700000002980232,0.0700000002980232,0
2021-03-14 20:00:00-04:00,0.0700000002980232,0.0700000002980232,0.0700000002980232,0.0700000002980232,0
2021-03-15 20:00:00-04:00,0.0700000002980232,0.0700000002980232,0.0590000003576278,0.0599999986588954,183195
2021-03-16 20:00:00-04:00,0.0599999986588954,0.0599999986588954,0.0599999986588954,0.0599999986588954,112600
2021-03-17 20:00:00-04:00,0.0599999986588954,0.0599999986588954,0.0599999986588954,0.0599999986588954,0
2021-03-18 20:00:00-04:00,0.0599999986588954,0.0599999986588954,0.0599999986588954,0.0599999986588954,0
2021-03-21 20:00:00-04:00,0.0560000017285347,0.0560000017285347,0.0549999997019767,0.0549999997019767,220000
2021-03-22 20:00:00-04:00,0.0549999997019767,0.0549999997019767,0.0549999997019767,0.0549999997019767,0
2021-03-23 20:00:00-04:00,0.0549999997019767,0.0549999997019767,0.0549999997019767,0.0549999997019767,100000
2021-03-24 20:00:00-04:00,0.0560000017285347,0.0560000017285347,0.0540000014007091,0.0549999997019767,1700612
2021-03-25 20:00:00-04:00,0.0549999997019767,0.0549999997019767,0.0549999997019767,0.0549999997019767,66574
2021-03-28 20:00:00-04:00,0.0549999997019767,0.0549999997019767,0.0549999997019767,0.0549999997019767,0
2021-03-29 20:00:00-04:00,0.0610000006854534,0.0610000006854534,0.0610000006854534,0.0610000006854534,18181
2021-03-30 20:00:00-04:00,0.0610000006854534,0.0610000006854534,0.0610000006854534,0.0610000006854534,40000
2021-03-31 20:00:00-04:00,0.0700000002980232,0.0700000002980232,0.0700000002980232,0.0700000002980232,52500
2021-04-05 20:00:00-04:00,0.0700000002980232,0.0700000002980232,0.0700000002980232,0.0700000002980232,0
2021-04-06 20:00:00-04:00,0.0700000002980232,0.0700000002980232,0.0700000002980232,0.0700000002980232,0
2021-04-07 20:00:00-04:00,0.0700000002980232,0.0700000002980232,0.0700000002980232,0.0700000002980232,0
2021-04-08 20:00:00-04:00,0.0700000002980232,0.0700000002980232,0.0700000002980232,0.0700000002980232,0
2021-04-11 20:00:00-04:00,0.0700000002980232,0.0700000002980232,0.0700000002980232,0.0700000002980232,0
2021-04-12 20:00:00-04:00,0.0700000002980232,0.0700000002980232,0.0700000002980232,0.0700000002980232,0
2021-04-13 20:00:00-04:00,0.0610000006854534,0.0689999982714653,0.0610000006854534,0.0689999982714653,148500
2021-04-14 20:00:00-04:00,0.0689999982714653,0.0689999982714653,0.0689999982714653,0.0689999982714653,0
2021-04-15 20:00:00-04:00,0.0689999982714653,0.0689999982714653,0.0689999982714653,0.0689999982714653,0
2021-04-18 20:00:00-04:00,0.0689999982714653,0.0689999982714653,0.0689999982714653,0.0689999982714653,0
2021-04-19 20:00:00-04:00,0.0689999982714653,0.0689999982714653,0.0689999982714653,0.0689999982714653,0
2021-04-20 20:00:00-04:00,0.0689999982714653,0.0689999982714653,0.0689999982714653,0.0689999982714653,70000
2021-04-21 20:00:00-04:00,0.0689999982714653,0.0689999982714653,0.0689999982714653,0.0689999982714653,0
2021-04-22 20:00:00-04:00,0.0649999976158142,0.0689999982714653,0.0649999976158142,0.0689999982714653,247496
2021-04-25 20:00:00-04:00,0.0689999982714653,0.0689999982714653,0.0689999982714653,0.0689999982714653,0
2021-04-26 20:00:00-04:00,0.0689999982714653,0.0689999982714653,0.0689999982714653,0.0689999982714653,0
2021-04-27 20:00:00-04:00,0.0649999976158142,0.0649999976158142,0.0649999976158142,0.0649999976158142,108195
2021-04-28 20:00:00-04:00,0.0649999976158142,0.0649999976158142,0.0649999976158142,0.0649999976158142,0
2021-04-29 20:00:00-04:00,0.0759999975562095,0.0759999975562095,0.0759999975562095,0.0759999975562095,50000
2021-05-02 20:00:00-04:00,0.0759999975562095,0.0759999975562095,0.0759999975562095,0.0759999975562095,0
2021-05-03 20:00:00-04:00,0.0649999976158142,0.0649999976158142,0.0649999976158142,0.0649999976158142,1021702
2021-05-04 20:00:00-04:00,0.0610000006854534,0.0610000006854534,0.0549999997019767,0.0579999983310699,127479
2021-05-05 20:00:00-04:00,0.0590000003576278,0.0590000003576278,0.0579999983310699,0.0579999983310699,125000
2021-05-06 20:00:00-04:00,0.0579999983310699,0.0579999983310699,0.0579999983310699,0.0579999983310699,361
2021-05-09 20:00:00-04:00,0.0579999983310699,0.0579999983310699,0.0579999983310699,0.0579999983310699,0
2021-05-10 20:00:00-04:00,0.0579999983310699,0.0579999983310699,0.0579999983310699,0.0579999983310699,127012
2021-05-11 20:00:00-04:00,0.0579999983310699,0.0579999983310699,0.0570000000298023,0.0570000000298023,9056
2021-05-12 20:00:00-04:00,0.0570000000298023,0.0570000000298023,0.0570000000298023,0.0570000000298023,0
2021-05-13 20:00:00-04:00,0.0560000017285347,0.0560000017285347,0.0560000017285347,0.0560000017285347,2283
2021-05-16 20:00:00-04:00,0.0560000017285347,0.0560000017285347,0.0560000017285347,0.0560000017285347,0
2021-05-17 20:00:00-04:00,0.0560000017285347,0.0560000017285347,0.0560000017285347,0.0560000017285347,0
2021-05-18 20:00:00-04:00,0.0560000017285347,0.0560000017285347,0.0560000017285347,0.0560000017285347,0
2021-05-19 20:00:00-04:00,0.0560000017285347,0.0560000017285347,0.0560000017285347,0.0560000017285347,5500
2021-05-20 20:00:00-04:00,0.0560000017285347,0.0560000017285347,0.0560000017285347,0.0560000017285347,0
2021-05-23 20:00:00-04:00,0.0579999983310699,0.0599999986588954,0.0579999983310699,0.0599999986588954,284661
2021-05-24 20:00:00-04:00,0.0599999986588954,0.0599999986588954,0.0599999986588954,0.0599999986588954,0
2021-05-25 20:00:00-04:00,0.0560000017285347,0.0560000017285347,0.0560000017285347,0.0560000017285347,5690491
2021-05-26 20:00:00-04:00,0.0560000017285347,0.0560000017285347,0.0560000017285347,0.0560000017285347,0
2021-05-27 20:00:00-04:00,0.0560000017285347,0.0560000017285347,0.0560000017285347,0.0560000017285347,0
2021-05-30 20:00:00-04:00,0.0599999986588954,0.0599999986588954,0.0599999986588954,0.0599999986588954,21925
2021-05-31 20:00:00-04:00,0.0599999986588954,0.0599999986588954,0.0599999986588954,0.0599999986588954,0
2021-06-01 20:00:00-04:00,0.0599999986588954,0.0599999986588954,0.0599999986588954,0.0599999986588954,9000
2021-06-02 20:00:00-04:00,0.0599999986588954,0.0599999986588954,0.0599999986588954,0.0599999986588954,330000
2021-06-03 20:00:00-04:00,0.0599999986588954,0.0599999986588954,0.0599999986588954,0.0599999986588954,240000
2021-06-06 20:00:00-04:00,0.0599999986588954,0.0599999986588954,0.0599999986588954,0.0599999986588954,6634
2021-06-07 20:00:00-04:00,0.0599999986588954,0.0599999986588954,0.0599999986588954,0.0599999986588954,15000
2021-06-08 20:00:00-04:00,0.0599999986588954,0.0599999986588954,0.0570000000298023,0.0570000000298023,214865
2021-06-09 20:00:00-04:00,0.0599999986588954,0.0599999986588954,0.0599999986588954,0.0599999986588954,80000
2021-06-10 20:00:00-04:00,0.0599999986588954,0.0599999986588954,0.0599999986588954,0.0599999986588954,0
2021-06-14 20:00:00-04:00,0.0599999986588954,0.0599999986588954,0.0599999986588954,0.0599999986588954,0
2021-06-15 20:00:00-04:00,0.0570000000298023,0.0570000000298023,0.0560000017285347,0.0560000017285347,200000
2021-06-16 20:00:00-04:00,0.0599999986588954,0.0599999986588954,0.0599999986588954,0.0599999986588954,30000
2021-06-17 20:00:00-04:00,0.0599999986588954,0.0599999986588954,0.0599999986588954,0.0599999986588954,0
2021-06-20 20:00:00-04:00,0.0599999986588954,0.0599999986588954,0.0599999986588954,0.0599999986588954,8900
2021-06-21 20:00:00-04:00,0.0560000017285347,0.0560000017285347,0.0560000017285347,0.0560000017285347,15203
2021-06-22 20:00:00-04:00,0.0560000017285347,0.0560000017285347,0.0560000017285347,0.0560000017285347,0
2021-06-23 20:00:00-04:00,0.0560000017285347,0.0560000017285347,0.0560000017285347,0.0560000017285347,0
2021-06-24 20:00:00-04:00,0.0560000017285347,0.0560000017285347,0.0560000017285347,0.0560000017285347,632
2021-06-27 20:00:00-04:00,0.0560000017285347,0.0560000017285347,0.0560000017285347,0.0560000017285347,0
2021-06-28 20:00:00-04:00,0.0560000017285347,0.0560000017285347,0.0560000017285347,0.0560000017285347,0
2021-06-29 20:00:00-04:00,0.0579999983310699,0.0579999983310699,0.050000000745058,0.050000000745058,227177
2021-06-30 20:00:00-04:00,0.0549999997019767,0.0549999997019767,0.0549999997019767,0.0549999997019767,68500
2021-07-01 20:00:00-04:00,0.0549999997019767,0.0549999997019767,0.0549999997019767,0.0549999997019767,0
2021-07-04 20:00:00-04:00,0.0549999997019767,0.0549999997019767,0.0549999997019767,0.0549999997019767,0
2021-07-05 20:00:00-04:00,0.0549999997019767,0.0549999997019767,0.0549999997019767,0.0549999997019767,150000
2021-07-06 20:00:00-04:00,0.0549999997019767,0.0549999997019767,0.0549999997019767,0.0549999997019767,150000
2021-07-07 20:00:00-04:00,0.0549999997019767,0.0549999997019767,0.0549999997019767,0.0549999997019767,1480880
2021-07-08 20:00:00-04:00,0.0599999986588954,0.0599999986588954,0.0599999986588954,0.0599999986588954,240000
2021-07-11 20:00:00-04:00,0.0549999997019767,0.0549999997019767,0.0549999997019767,0.0549999997019767,130000
2021-07-12 20:00:00-04:00,0.0549999997019767,0.0549999997019767,0.0549999997019767,0.0549999997019767,200000
2021-07-13 20:00:00-04:00,0.0549999997019767,0.0549999997019767,0.0549999997019767,0.0549999997019767,200000
2021-07-14 20:00:00-04:00,0.0549999997019767,0.0549999997019767,0.0549999997019767,0.0549999997019767,100000
2021-07-15 20:00:00-04:00,0.0549999997019767,0.0549999997019767,0.0549999997019767,0.0549999997019767,0
2021-07-18 20:00:00-04:00,0.0540000014007091,0.0540000014007091,0.0540000014007091,0.0540000014007091,548
2021-07-19 20:00:00-04:00,0.0540000014007091,0.0540000014007091,0.0540000014007091,0.0540000014007091,0
2021-07-20 20:00:00-04:00,0.0540000014007091,0.0540000014007091,0.0529999993741512,0.0529999993741512,2100000
2021-07-21 20:00:00-04:00,0.0529999993741512,0.0529999993741512,0.0529999993741512,0.0529999993741512,0
2021-07-22 20:00:00-04:00,0.0529999993741512,0.0529999993741512,0.0529999993741512,0.0529999993741512,0
2021-07-25 20:00:00-04:00,0.0529999993741512,0.0529999993741512,0.0529999993741512,0.0529999993741512,0
2021-07-26 20:00:00-04:00,0.0529999993741512,0.0529999993741512,0.0529999993741512,0.0529999993741512,0
2021-07-27 20:00:00-04:00,0.0529999993741512,0.0529999993741512,0.0529999993741512,0.0529999993741512,0
2021-07-28 20:00:00-04:00,0.0529999993741512,0.0529999993741512,0.0529999993741512,0.0529999993741512,0
2021-07-29 20:00:00-04:00,0.0599999986588954,0.0599999986588954,0.0599999986588954,0.0599999986588954,33665
2021-08-01 20:00:00-04:00,0.0630000010132789,0.0630000010132789,0.0610000006854534,0.0610000006854534,180000
2021-08-02 20:00:00-04:00,0.0610000006854534,0.0610000006854534,0.0610000006854534,0.0610000006854534,0
2021-08-03 20:00:00-04:00,0.0610000006854534,0.0610000006854534,0.0610000006854534,0.0610000006854534,0
2021-08-04 20:00:00-04:00,0.0599999986588954,0.0599999986588954,0.0599999986588954,0.0599999986588954,6335
2021-08-05 20:00:00-04:00,0.0599999986588954,0.0599999986588954,0.0599999986588954,0.0599999986588954,0
2021-08-08 20:00:00-04:00,0.0599999986588954,0.0599999986588954,0.0599999986588954,0.0599999986588954,0
2021-08-09 20:00:00-04:00,0.0599999986588954,0.0599999986588954,0.0599999986588954,0.0599999986588954,0
2021-08-10 20:00:00-04:00,0.0599999986588954,0.0599999986588954,0.0599999986588954,0.0599999986588954,0
2021-08-11 20:00:00-04:00,0.0599999986588954,0.0599999986588954,0.0599999986588954,0.0599999986588954,0
2021-08-12 20:00:00-04:00,0.0599999986588954,0.0599999986588954,0.0599999986588954,0.0599999986588954,0
2021-08-15 20:00:00-04:00,0.0549999997019767,0.0549999997019767,0.0549999997019767,0.0549999997019767,49000
2021-08-16 20:00:00-04:00,0.0549999997019767,0.0549999997019767,0.0549999997019767,0.0549999997019767,0
2021-08-17 20:00:00-04:00,0.0549999997019767,0.0549999997019767,0.0549999997019767,0.0549999997019767,8900
2021-08-18 20:00:00-04:00,0.0549999997019767,0.0549999997019767,0.0520000010728836,0.0520000010728836,66598
2021-08-19 20:00:00-04:00,0.0520000010728836,0.0520000010728836,0.0520000010728836,0.0520000010728836,0
2021-08-22 20:00:00-04:00,0.0520000010728836,0.0520000010728836,0.0520000010728836,0.0520000010728836,0
2021-08-23 20:00:00-04:00,0.0520000010728836,0.0520000010728836,0.0520000010728836,0.0520000010728836,0
2021-08-24 20:00:00-04:00,0.0520000010728836,0.0520000010728836,0.0520000010728836,0.0520000010728836,3334
2021-08-25 20:00:00-04:00,0.0529999993741512,0.0529999993741512,0.0520000010728836,0.0520000010728836,200000
2021-08-26 20:00:00-04:00,0.0520000010728836,0.0520000010728836,0.0520000010728836,0.0520000010728836,0
2021-08-29 20:00:00-04:00,0.0520000010728836,0.0520000010728836,0.0520000010728836,0.0520000010728836,0
2021-08-30 20:00:00-04:00,0.0520000010728836,0.0520000010728836,0.0520000010728836,0.0520000010728836,0
2021-08-31 20:00:00-04:00,0.0520000010728836,0.0520000010728836,0.0520000010728836,0.0520000010728836,0
2021-09-01 20:00:00-04:00,0.0520000010728836,0.0520000010728836,0.0520000010728836,0.0520000010728836,0
2021-09-02 20:00:00-04:00,0.0520000010728836,0.0520000010728836,0.0520000010728836,0.0520000010728836,0
2021-09-05 20:00:00-04:00,0.0520000010728836,0.0520000010728836,0.0520000010728836,0.0520000010728836,0
2021-09-06 20:00:00-04:00,0.0520000010728836,0.0520000010728836,0.0520000010728836,0.0520000010728836,0
2021-09-07 20:00:00-04:00,0.0520000010728836,0.0520000010728836,0.0520000010728836,0.0520000010728836,0
2021-09-08 20:00:00-04:00,0.0520000010728836,0.0520000010728836,0.0520000010728836,0.0520000010728836,13447
2021-09-09 20:00:00-04:00,0.0520000010728836,0.0520000010728836,0.0520000010728836,0.0520000010728836,0
2021-09-12 20:00:00-04:00,0.0520000010728836,0.0520000010728836,0.0520000010728836,0.0520000010728836,0
2021-09-13 20:00:00-04:00,0.0520000010728836,0.0520000010728836,0.0520000010728836,0.0520000010728836,0
2021-09-14 20:00:00-04:00,0.0520000010728836,0.0520000010728836,0.0520000010728836,0.0520000010728836,192
2021-09-15 20:00:00-04:00,0.0520000010728836,0.0520000010728836,0.0520000010728836,0.0520000010728836,0
2021-09-16 20:00:00-04:00,0.0520000010728836,0.0520000010728836,0.0520000010728836,0.0520000010728836,0
2021-09-19 20:00:00-04:00,0.0520000010728836,0.0520000010728836,0.0520000010728836,0.0520000010728836,0
2021-09-20 20:00:00-04:00,0.0520000010728836,0.0520000010728836,0.0520000010728836,0.0520000010728836,0
2021-09-21 20:00:00-04:00,0.0520000010728836,0.0520000010728836,0.0520000010728836,0.0520000010728836,0
2021-09-22 20:00:00-04:00,0.0520000010728836,0.0520000010728836,0.0520000010728836,0.0520000010728836,0
2021-09-23 20:00:00-04:00,0.0520000010728836,0.0520000010728836,0.0520000010728836,0.0520000010728836,0
2021-09-26 20:00:00-04:00,0.0520000010728836,0.0520000010728836,0.0520000010728836,0.0520000010728836,0
2021-09-27 20:00:00-04:00,0.0520000010728836,0.0520000010728836,0.0520000010728836,0.0520000010728836,0
2021-09-28 20:00:00-04:00,0.0520000010728836,0.0520000010728836,0.0520000010728836,0.0520000010728836,6361
2021-09-29 20:00:00-04:00,0.0520000010728836,0.0520000010728836,0.0520000010728836,0.0520000010728836,0
2021-09-30 20:00:00-04:00,0.0520000010728836,0.0520000010728836,0.0520000010728836,0.0520000010728836,0
2021-10-03 20:00:00-04:00,0.0549999997019767,0.0549999997019767,0.0549999997019767,0.0549999997019767,3500
2021-10-04 20:00:00-04:00,0.0549999997019767,0.0549999997019767,0.0549999997019767,0.0549999997019767,0
2021-10-05 20:00:00-04:00,0.0549999997019767,0.0549999997019767,0.0549999997019767,0.0549999997019767,0
2021-10-06 20:00:00-04:00,0.0549999997019767,0.0549999997019767,0.0549999997019767,0.0549999997019767,0
2021-10-07 20:00:00-04:00,0.0549999997019767,0.0549999997019767,0.0549999997019767,0.0549999997019767,0
2021-10-10 20:00:00-04:00,0.0549999997019767,0.0549999997019767,0.0549999997019767,0.0549999997019767,0
2021-10-11 20:00:00-04:00,0.0549999997019767,0.0549999997019767,0.0549999997019767,0.0549999997019767,0
2021-10-12 20:00:00-04:00,0.0549999997019767,0.0549999997019767,0.0549999997019767,0.0549999997019767,0
2021-10-13 20:00:00-04:00,0.0549999997019767,0.0549999997019767,0.0549999997019767,0.0549999997019767,0
2021-10-14 20:00:00-04:00,0.0549999997019767,0.0549999997019767,0.0549999997019767,0.0549999997019767,19500
2021-10-17 20:00:00-04:00,0.0549999997019767,0.0549999997019767,0.0549999997019767,0.0549999997019767,0
2021-10-18 20:00:00-04:00,0.0549999997019767,0.0549999997019767,0.0549999997019767,0.0549999997019767,0
2021-10-19 20:00:00-04:00,0.0549999997019767,0.0549999997019767,0.0549999997019767,0.0549999997019767,0
2021-10-20 20:00:00-04:00,0.0590000003576278,0.0610000006854534,0.0590000003576278,0.0610000006854534,67208
2021-10-21 20:00:00-04:00,0.0590000003576278,0.0590000003576278,0.0590000003576278,0.0590000003576278,84745
2021-10-24 20:00:00-04:00,0.0549999997019767,0.0549999997019767,0.0549999997019767,0.0549999997019767,85208
2021-10-25 20:00:00-04:00,0.0590000003576278,0.0590000003576278,0.0590000003576278,0.0590000003576278,250000
2021-10-26 20:00:00-04:00,0.0590000003576278,0.0590000003576278,0.0590000003576278,0.0590000003576278,10000
2021-10-27 20:00:00-04:00,0.0590000003576278,0.0590000003576278,0.0590000003576278,0.0590000003576278,24535
2021-10-28 20:00:00-04:00,0.0590000003576278,0.0590000003576278,0.0590000003576278,0.0590000003576278,0
2021-10-31 20:00:00-04:00,0.0590000003576278,0.0590000003576278,0.0590000003576278,0.0590000003576278,0
2021-11-01 20:00:00-04:00,0.0590000003576278,0.0590000003576278,0.0590000003576278,0.0590000003576278,0
2021-11-02 20:00:00-04:00,0.0590000003576278,0.0590000003576278,0.0590000003576278,0.0590000003576278,0
2021-11-03 20:00:00-04:00,0.061999998986721,0.061999998986721,0.061999998986721,0.061999998986721,114792
2021-11-04 20:00:00-04:00,0.061999998986721,0.061999998986721,0.061999998986721,0.061999998986721,125754
2021-11-07 19:00:00-05:00,0.061999998986721,0.0630000010132789,0.061999998986721,0.0630000010132789,137968
2021-11-08 19:00:00-05:00,0.061999998986721,0.061999998986721,0.0599999986588954,0.0599999986588954,285000
2021-11-09 19:00:00-05:00,0.0599999986588954,0.0599999986588954,0.0599999986588954,0.0599999986588954,0
2021-11-10 19:00:00-05:00,0.0549999997019767,0.0549999997019767,0.0549999997019767,0.0549999997019767,150000
2021-11-11 19:00:00-05:00,0.0549999997019767,0.0549999997019767,0.0549999997019767,0.0549999997019767,142000
2021-11-14 19:00:00-05:00,0.0549999997019767,0.0549999997019767,0.0549999997019767,0.0549999997019767,0
2021-11-15 19:00:00-05:00,0.0549999997019767,0.0549999997019767,0.0549999997019767,0.0549999997019767,0
2021-11-16 19:00:00-05:00,0.0549999997019767,0.0549999997019767,0.0549999997019767,0.0549999997019767,0
2021-11-17 19:00:00-05:00,0.0599999986588954,0.0599999986588954,0.0599999986588954,0.0599999986588954,2700
2021-11-18 19:00:00-05:00,0.0599999986588954,0.0599999986588954,0.0599999986588954,0.0599999986588954,0
2021-11-21 19:00:00-05:00,0.0599999986588954,0.0599999986588954,0.0599999986588954,0.0599999986588954,0
2021-11-22 19:00:00-05:00,0.0599999986588954,0.0599999986588954,0.0599999986588954,0.0599999986588954,0
2021-11-23 19:00:00-05:00,0.0590000003576278,0.0590000003576278,0.0549999997019767,0.0549999997019767,19800
2021-11-24 19:00:00-05:00,0.0549999997019767,0.0549999997019767,0.0549999997019767,0.0549999997019767,0
2021-11-25 19:00:00-05:00,0.0579999983310699,0.0579999983310699,0.0579999983310699,0.0579999983310699,152703
2021-11-28 19:00:00-05:00,0.0590000003576278,0.0599999986588954,0.0590000003576278,0.0599999986588954,347297
2021-11-29 19:00:00-05:00,0.0599999986588954,0.0599999986588954,0.0599999986588954,0.0599999986588954,0
2021-11-30 19:00:00-05:00,0.0599999986588954,0.0599999986588954,0.0599999986588954,0.0599999986588954,0
2021-12-01 19:00:00-05:00,0.0599999986588954,0.0599999986588954,0.0599999986588954,0.0599999986588954,0
2021-12-02 19:00:00-05:00,0.0599999986588954,0.0599999986588954,0.0599999986588954,0.0599999986588954,0
2021-12-05 19:00:00-05:00,0.0599999986588954,0.0599999986588954,0.0599999986588954,0.0599999986588954,0
2021-12-06 19:00:00-05:00,0.0599999986588954,0.0599999986588954,0.0599999986588954,0.0599999986588954,0
2021-12-07 19:00:00-05:00,0.0599999986588954,0.0599999986588954,0.0599999986588954,0.0599999986588954,0
2021-12-08 19:00:00-05:00,0.0599999986588954,0.0599999986588954,0.0599999986588954,0.0599999986588954,0
2021-12-09 19:00:00-05:00,0.0599999986588954,0.0599999986588954,0.0599999986588954,0.0599999986588954,0
2021-12-12 19:00:00-05:00,0.0520000010728836,0.0549999997019767,0.0520000010728836,0.0549999997019767,42700
2021-12-13 19:00:00-05:00,0.0520000010728836,0.0520000010728836,0.0520000010728836,0.0520000010728836,198
2021-12-14 19:00:00-05:00,0.0520000010728836,0.0520000010728836,0.0520000010728836,0.0520000010728836,0
2021-12-15 19:00:00-05:00,0.0520000010728836,0.0549999997019767,0.0520000010728836,0.0549999997019767,83248
2021-12-16 19:00:00-05:00,0.0549999997019767,0.0579999983310699,0.0549999997019767,0.0579999983310699,112809
2021-12-19 19:00:00-05:00,0.0579999983310699,0.0579999983310699,0.0579999983310699,0.0579999983310699,0
2021-12-20 19:00:00-05:00,0.0549999997019767,0.0549999997019767,0.0549999997019767,0.0549999997019767,11055
2021-12-21 19:00:00-05:00,0.0549999997019767,0.0549999997019767,0.0549999997019767,0.0549999997019767,1763
2021-12-22 19:00:00-05:00,0.0549999997019767,0.0549999997019767,0.0549999997019767,0.0549999997019767,0
2021-12-23 19:00:00-05:00,0.0549999997019767,0.0549999997019767,0.0549999997019767,0.0549999997019767,0
2021-12-28 19:00:00-05:00,0.0549999997019767,0.0549999997019767,0.0549999997019767,0.0549999997019767,70000
2021-12-29 19:00:00-05:00,0.0549999997019767,0.0549999997019767,0.0549999997019767,0.0549999997019767,0
2021-12-30 19:00:00-05:00,0.0549999997019767,0.0549999997019767,0.0549999997019767,0.0549999997019767,0
2022-01-03 19:00:00-05:00,0.0549999997019767,0.0549999997019767,0.0549999997019767,0.0549999997019767,0
2022-01-04 19:00:00-05:00,0.0549999997019767,0.0549999997019767,0.0549999997019767,0.0549999997019767,0
2022-01-05 19:00:00-05:00,0.0549999997019767,0.0579999983310699,0.0549999997019767,0.0549999997019767,21637
2022-01-06 19:00:00-05:00,0.0509999990463256,0.0509999990463256,0.0509999990463256,0.0509999990463256,150000
2022-01-09 19:00:00-05:00,0.0509999990463256,0.0509999990463256,0.0509999990463256,0.0509999990463256,0
2022-01-10 19:00:00-05:00,0.0509999990463256,0.0509999990463256,0.050000000745058,0.050000000745058,209646
2022-01-11 19:00:00-05:00,0.050000000745058,0.050000000745058,0.050000000745058,0.050000000745058,0
2022-01-12 19:00:00-05:00,0.050000000745058,0.050000000745058,0.050000000745058,0.050000000745058,0
2022-01-13 19:00:00-05:00,0.050000000745058,0.050000000745058,0.050000000745058,0.050000000745058,0
2022-01-16 19:00:00-05:00,0.050000000745058,0.050000000745058,0.050000000745058,0.050000000745058,0
2022-01-17 19:00:00-05:00,0.0480000004172325,0.050000000745058,0.0480000004172325,0.050000000745058,37446
2022-01-18 19:00:00-05:00,0.050000000745058,0.050000000745058,0.0480000004172325,0.0480000004172325,21707
2022-01-19 19:00:00-05:00,0.0480000004172325,0.0480000004172325,0.0480000004172325,0.0480000004172325,0
2022-01-20 19:00:00-05:00,0.0480000004172325,0.0480000004172325,0.0480000004172325,0.0480000004172325,0
2022-01-23 19:00:00-05:00,0.0460000000894069,0.0460000000894069,0.0460000000894069,0.0460000000894069,21760
2022-01-24 19:00:00-05:00,0.0460000000894069,0.0460000000894069,0.0460000000894069,0.0460000000894069,0
2022-01-26 19:00:00-05:00,0.0460000000894069,0.0460000000894069,0.0460000000894069,0.0460000000894069,0
2022-01-27 19:00:00-05:00,0.0460000000894069,0.0460000000894069,0.0460000000894069,0.0460000000894069,0
2022-01-30 19:00:00-05:00,0.0460000000894069,0.0460000000894069,0.0460000000894069,0.0460000000894069,0
2022-01-31 19:00:00-05:00,0.0469999983906745,0.0469999983906745,0.0469999983906745,0.0469999983906745,1041
2022-02-01 19:00:00-05:00,0.0469999983906745,0.0469999983906745,0.0469999983906745,0.0469999983906745,0
2022-02-02 19:00:00-05:00,0.0469999983906745,0.0469999983906745,0.0469999983906745,0.0469999983906745,0
2022-02-03 19:00:00-05:00,0.0460000000894069,0.0460000000894069,0.0450000017881393,0.0450000017881393,121504
2022-02-06 19:00:00-05:00,0.0399999991059303,0.0430000014603138,0.0399999991059303,0.0430000014603138,129268
2022-02-07 19:00:00-05:00,0.0419999994337558,0.0450000017881393,0.0379999987781047,0.0399999991059303,193828
2022-02-08 19:00:00-05:00,0.0399999991059303,0.0410000011324882,0.0379999987781047,0.0399999991059303,1434125
2022-02-09 19:00:00-05:00,0.0399999991059303,0.0399999991059303,0.0395000018179416,0.0399999991059303,304405
2022-02-10 19:00:00-05:00,0.0390000008046627,0.0390000008046627,0.0370000004768371,0.0370000004768371,76806
2022-02-13 19:00:00-05:00,0.0390000008046627,0.0430000014603138,0.0390000008046627,0.0390000008046627,1421366
2022-02-14 19:00:00-05:00,0.0390000008046627,0.0390000008046627,0.0390000008046627,0.0390000008046627,0
2022-02-15 19:00:00-05:00,0.050000000745058,0.0549999997019767,0.050000000745058,0.0549999997019767,159942
2022-02-16 19:00:00-05:00,0.0549999997019767,0.0549999997019767,0.050000000745058,0.050000000745058,300
2022-02-17 19:00:00-05:00,0.0549999997019767,0.0549999997019767,0.0480000004172325,0.0489999987185001,91263
2022-02-20 19:00:00-05:00,0.0489999987185001,0.0489999987185001,0.0489999987185001,0.0489999987185001,0
2022-02-21 19:00:00-05:00,0.0489999987185001,0.0489999987185001,0.0489999987185001,0.0489999987185001,0
2022-02-22 19:00:00-05:00,0.0489999987185001,0.0489999987185001,0.0489999987185001,0.0489999987185001,0
2022-02-23 19:00:00-05:00,0.0469999983906745,0.0469999983906745,0.0469999983906745,0.0469999983906745,11942
2022-02-24 19:00:00-05:00,0.0460000000894069,0.0460000000894069,0.0460000000894069,0.0460000000894069,99440
2022-02-27 19:00:00-05:00,0.0460000000894069,0.0460000000894069,0.0460000000894069,0.0460000000894069,0
2022-02-28 19:00:00-05:00,0.0460000000894069,0.0460000000894069,0.0460000000894069,0.0460000000894069,0
2022-03-01 19:00:00-05:00,0.0450000017881393,0.0450000017881393,0.0450000017881393,0.0450000017881393,425
2022-03-02 19:00:00-05:00,0.0450000017881393,0.0450000017881393,0.0450000017881393,0.0450000017881393,0
2022-03-03 19:00:00-05:00,0.0439999997615814,0.0439999997615814,0.0439999997615814,0.0439999997615814,3064
2022-03-06 19:00:00-05:00,0.0439999997615814,0.0439999997615814,0.0439999997615814,0.0439999997615814,7208
2022-03-07 19:00:00-05:00,0.0439999997615814,0.0439999997615814,0.0439999997615814,0.0439999997615814,0
2022-03-08 19:00:00-05:00,0.0450000017881393,0.0450000017881393,0.0450000017881393,0.0450000017881393,192
2022-03-09 19:00:00-05:00,0.0450000017881393,0.0450000017881393,0.0450000017881393,0.0450000017881393,0
2022-03-10 19:00:00-05:00,0.0450000017881393,0.0450000017881393,0.0450000017881393,0.0450000017881393,0
2022-03-13 20:00:00-04:00,0.0450000017881393,0.0450000017881393,0.0439999997615814,0.0439999997615814,60000
2022-03-14 20:00:00-04:00,0.0439999997615814,0.0439999997615814,0.0439999997615814,0.0439999997615814,0
2022-03-15 20:00:00-04:00,0.0450000017881393,0.0450000017881393,0.0450000017881393,0.0450000017881393,30000
2022-03-16 20:00:00-04:00,0.0450000017881393,0.0450000017881393,0.0450000017881393,0.0450000017881393,0
2022-03-17 20:00:00-04:00,0.0390000008046627,0.0390000008046627,0.0370000004768371,0.0379999987781047,245000
2022-03-20 20:00:00-04:00,0.0419999994337558,0.0450000017881393,0.0419999994337558,0.0450000017881393,125000
2022-03-21 20:00:00-04:00,0.0450000017881393,0.0450000017881393,0.0450000017881393,0.0450000017881393,0
2022-03-22 20:00:00-04:00,0.0450000017881393,0.0450000017881393,0.0450000017881393,0.0450000017881393,0
2022-03-23 20:00:00-04:00,0.0460000000894069,0.0460000000894069,0.0460000000894069,0.0460000000894069,1082
2022-03-24 20:00:00-04:00,0.0460000000894069,0.0460000000894069,0.0460000000894069,0.0460000000894069,0
2022-03-27 20:00:00-04:00,0.050000000745058,0.050000000745058,0.050000000745058,0.050000000745058,29470
2022-03-28 20:00:00-04:00,0.0520000010728836,0.0520000010728836,0.0520000010728836,0.0520000010728836,30000
2022-03-29 20:00:00-04:00,0.0520000010728836,0.0520000010728836,0.0520000010728836,0.0520000010728836,0
2022-03-30 20:00:00-04:00,0.0520000010728836,0.0520000010728836,0.0520000010728836,0.0520000010728836,0
2022-03-31 20:00:00-04:00,0.0549999997019767,0.0549999997019767,0.0549999997019767,0.0549999997019767,4505
2022-04-03 20:00:00-04:00,0.0560000017285347,0.0560000017285347,0.0560000017285347,0.0560000017285347,100000
2022-04-04 20:00:00-04:00,0.0570000000298023,0.0570000000298023,0.0555000007152557,0.0560000017285347,322226
2022-04-05 20:00:00-04:00,0.0570000000298023,0.0570000000298023,0.0570000000298023,0.0570000000298023,39000
2022-04-06 20:00:00-04:00,0.0549999997019767,0.0549999997019767,0.0549999997019767,0.0549999997019767,1903
2022-04-07 20:00:00-04:00,0.0570000000298023,0.0599999986588954,0.0570000000298023,0.0599999986588954,151764
2022-04-10 20:00:00-04:00,0.0599999986588954,0.0599999986588954,0.0599999986588954,0.0599999986588954,0
2022-04-11 20:00:00-04:00,0.0640000030398368,0.0640000030398368,0.0640000030398368,0.0640000030398368,2520
2022-04-12 20:00:00-04:00,0.0659999996423721,0.0659999996423721,0.0649999976158142,0.0649999976158142,287818
2022-04-13 20:00:00-04:00,0.0659999996423721,0.0659999996423721,0.0640000030398368,0.0649999976158142,587469
2022-04-18 20:00:00-04:00,0.0549999997019767,0.0560000017285347,0.0549999997019767,0.0549999997019767,22743
2022-04-19 20:00:00-04:00,0.0549999997019767,0.0549999997019767,0.0549999997019767,0.0549999997019767,0
2022-04-20 20:00:00-04:00,0.0549999997019767,0.0549999997019767,0.0549999997019767,0.0549999997019767,0
2022-04-21 20:00:00-04:00,0.0549999997019767,0.0549999997019767,0.0549999997019767,0.0549999997019767,0
2022-04-25 20:00:00-04:00,0.0549999997019767,0.0549999997019767,0.0549999997019767,0.0549999997019767,0
2022-04-26 20:00:00-04:00,0.0549999997019767,0.0549999997019767,0.0549999997019767,0.0549999997019767,0
2022-04-27 20:00:00-04:00,0.0549999997019767,0.0549999997019767,0.0549999997019767,0.0549999997019767,0
2022-04-28 20:00:00-04:00,0.0549999997019767,0.0549999997019767,0.0549999997019767,0.0549999997019767,0
2022-05-01 20:00:00-04:00,0.0549999997019767,0.0549999997019767,0.0549999997019767,0.0549999997019767,0
2022-05-02 20:00:00-04:00,0.0549999997019767,0.0549999997019767,0.0549999997019767,0.0549999997019767,0
2022-05-03 20:00:00-04:00,0.0549999997019767,0.0549999997019767,0.0549999997019767,0.0549999997019767,0
2022-05-04 20:00:00-04:00,0.0549999997019767,0.0549999997019767,0.0549999997019767,0.0549999997019767,24504
2022-05-05 20:00:00-04:00,0.0549999997019767,0.0549999997019767,0.0549999997019767,0.0549999997019767,0
2022-05-08 20:00:00-04:00,0.0570000000298023,0.0590000003576278,0.0570000000298023,0.0579999983310699,281851
2022-05-09 20:00:00-04:00,0.0579999983310699,0.0579999983310699,0.0579999983310699,0.0579999983310699,0
2022-05-10 20:00:00-04:00,0.0579999983310699,0.0579999983310699,0.0579999983310699,0.0579999983310699,0
2022-05-11 20:00:00-04:00,0.0579999983310699,0.0579999983310699,0.0579999983310699,0.0579999983310699,0
2022-05-12 20:00:00-04:00,0.0579999983310699,0.0579999983310699,0.0579999983310699,0.0579999983310699,0
2022-05-15 20:00:00-04:00,0.0579999983310699,0.0579999983310699,0.0579999983310699,0.0579999983310699,0
2022-05-16 20:00:00-04:00,0.0579999983310699,0.0579999983310699,0.0579999983310699,0.0579999983310699,0
2022-05-17 20:00:00-04:00,0.0579999983310699,0.0579999983310699,0.0579999983310699,0.0579999983310699,0
2022-05-18 20:00:00-04:00,0.0579999983310699,0.0579999983310699,0.0579999983310699,0.0579999983310699,0
2022-05-19 20:00:00-04:00,0.0509999990463256,0.0509999990463256,0.0509999990463256,0.0509999990463256,13525
2022-05-22 20:00:00-04:00,0.0509999990463256,0.0509999990463256,0.0509999990463256,0.0509999990463256,0
2022-05-23 20:00:00-04:00,0.0509999990463256,0.0509999990463256,0.0509999990463256,0.0509999990463256,0
2022-05-24 20:00:00-04:00,0.0524999983608722,0.0549999997019767,0.0524999983608722,0.0549999997019767,200766
2022-05-25 20:00:00-04:00,0.0549999997019767,0.0549999997019767,0.0549999997019767,0.0549999997019767,0
2022-05-26 20:00:00-04:00,0.0549999997019767,0.0549999997019767,0.0549999997019767,0.0549999997019767,0
2022-05-29 20:00:00-04:00,0.0549999997019767,0.0549999997019767,0.0549999997019767,0.0549999997019767,0
2022-05-30 20:00:00-04:00,0.0549999997019767,0.0549999997019767,0.0549999997019767,0.0549999997019767,0
2022-05-31 20:00:00-04:00,0.0509999990463256,0.0509999990463256,0.050000000745058,0.050000000745058,29624
2022-06-01 20:00:00-04:00,0.050000000745058,0.0549999997019767,0.050000000745058,0.0549999997019767,102610
2022-06-02 20:00:00-04:00,0.0549999997019767,0.0549999997019767,0.0549999997019767,0.0549999997019767,0
2022-06-05 20:00:00-04:00,0.0549999997019767,0.0549999997019767,0.0549999997019767,0.0549999997019767,0
2022-06-06 20:00:00-04:00,0.0549999997019767,0.0549999997019767,0.0549999997019767,0.0549999997019767,0
2022-06-07 20:00:00-04:00,0.0590000003576278,0.0599999986588954,0.0579999983310699,0.0599999986588954,204129
2022-06-08 20:00:00-04:00,0.0599999986588954,0.0599999986588954,0.0599999986588954,0.0599999986588954,10647
2022-06-09 20:00:00-04:00,0.0599999986588954,0.0599999986588954,0.0599999986588954,0.0599999986588954,0
2022-06-13 20:00:00-04:00,0.0599999986588954,0.0599999986588954,0.0599999986588954,0.0599999986588954,0
2022-06-14 20:00:00-04:00,0.0599999986588954,0.0599999986588954,0.0599999986588954,0.0599999986588954,0
2022-06-15 20:00:00-04:00,0.0599999986588954,0.0599999986588954,0.0599999986588954,0.0599999986588954,0
2022-06-16 20:00:00-04:00,0.050000000745058,0.050000000745058,0.050000000745058,0.050000000745058,40000
2022-06-19 20:00:00-04:00,0.050000000745058,0.050000000745058,0.050000000745058,0.050000000745058,0
2022-06-20 20:00:00-04:00,0.050000000745058,0.050000000745058,0.050000000745058,0.050000000745058,0
2022-06-21 20:00:00-04:00,0.0599999986588954,0.0719999969005584,0.0599999986588954,0.0680000036954879,226517
2022-06-22 20:00:00-04:00,0.0659999996423721,0.0680000036954879,0.0649999976158142,0.0680000036954879,30051
2022-06-23 20:00:00-04:00,0.0680000036954879,0.0689999982714653,0.0680000036954879,0.0689999982714653,10040
2022-06-26 20:00:00-04:00,0.0700000002980232,0.0700000002980232,0.0700000002980232,0.0700000002980232,107809
2022-06-27 20:00:00-04:00,0.0700000002980232,0.0700000002980232,0.0700000002980232,0.0700000002980232,60111
2022-06-28 20:00:00-04:00,0.0700000002980232,0.0700000002980232,0.0700000002980232,0.0700000002980232,120000
2022-06-29 20:00:00-04:00,0.0700000002980232,0.0700000002980232,0.0700000002980232,0.0700000002980232,180000
2022-06-30 20:00:00-04:00,0.0700000002980232,0.0700000002980232,0.0700000002980232,0.0700000002980232,0
2022-07-03 20:00:00-04:00,0.0700000002980232,0.0700000002980232,0.0700000002980232,0.0700000002980232,70000
2022-07-04 20:00:00-04:00,0.0700000002980232,0.0700000002980232,0.0700000002980232,0.0700000002980232,0
2022-07-05 20:00:00-04:00,0.0700000002980232,0.0700000002980232,0.0700000002980232,0.0700000002980232,0
2022-07-06 20:00:00-04:00,0.0700000002980232,0.0700000002980232,0.0700000002980232,0.0700000002980232,0
2022-07-07 20:00:00-04:00,0.0700000002980232,0.0710000023245811,0.0700000002980232,0.0700000002980232,201958
2022-07-10 20:00:00-04:00,0.0700000002980232,0.0700000002980232,0.0700000002980232,0.0700000002980232,0
2022-07-11 20:00:00-04:00,0.0700000002980232,0.0700000002980232,0.0700000002980232,0.0700000002980232,0
2022-07-12 20:00:00-04:00,0.0700000002980232,0.0700000002980232,0.0700000002980232,0.0700000002980232,0
2022-07-13 20:00:00-04:00,0.0719999969005584,0.0719999969005584,0.0700000002980232,0.0700000002980232,340296
2022-07-14 20:00:00-04:00,0.0700000002980232,0.0700000002980232,0.0700000002980232,0.0700000002980232,0
2022-07-17 20:00:00-04:00,0.0700000002980232,0.0700000002980232,0.0649999976158142,0.0649999976158142,7558
2022-07-18 20:00:00-04:00,0.0649999976158142,0.0649999976158142,0.0649999976158142,0.0649999976158142,0
2022-07-19 20:00:00-04:00,0.0700000002980232,0.0750000029802322,0.0700000002980232,0.0700000002980232,410000
2022-07-20 20:00:00-04:00,0.0710000023245811,0.0740000009536743,0.0700000002980232,0.0740000009536743,50853
2022-07-21 20:00:00-04:00,0.0740000009536743,0.0740000009536743,0.0740000009536743,0.0740000009536743,0
2022-07-24 20:00:00-04:00,0.0700000002980232,0.0750000029802322,0.0700000002980232,0.0750000029802322,75000
2022-07-25 20:00:00-04:00,0.0750000029802322,0.0750000029802322,0.0750000029802322,0.0750000029802322,0
2022-07-26 20:00:00-04:00,0.0750000029802322,0.0750000029802322,0.0750000029802322,0.0750000029802322,0
2022-07-27 20:00:00-04:00,0.0750000029802322,0.0750000029802322,0.0750000029802322,0.0750000029802322,0
2022-07-28 20:00:00-04:00,0.0750000029802322,0.0750000029802322,0.0750000029802322,0.0750000029802322,0
2022-07-31 20:00:00-04:00,0.0750000029802322,0.0750000029802322,0.0750000029802322,0.0750000029802322,0
2022-08-01 20:00:00-04:00,0.0750000029802322,0.0750000029802322,0.0599999986588954,0.0630000010132789,80266
2022-08-02 20:00:00-04:00,0.0630000010132789,0.0630000010132789,0.0630000010132789,0.0630000010132789,0
2022-08-03 20:00:00-04:00,0.0640000030398368,0.0640000030398368,0.0640000030398368,0.0640000030398368,10405
2022-08-04 20:00:00-04:00,0.0630000010132789,0.0630000010132789,0.0630000010132789,0.0630000010132789,50
2022-08-07 20:00:00-04:00,0.0630000010132789,0.0630000010132789,0.0630000010132789,0.0630000010132789,7437
2022-08-08 20:00:00-04:00,0.0630000010132789,0.0630000010132789,0.0630000010132789,0.0630000010132789,0
2022-08-09 20:00:00-04:00,0.0630000010132789,0.0630000010132789,0.0630000010132789,0.0630000010132789,15405
2022-08-10 20:00:00-04:00,0.0640000030398368,0.0640000030398368,0.0640000030398368,0.0640000030398368,117611
2022-08-11 20:00:00-04:00,0.0640000030398368,0.06700000166893,0.0630000010132789,0.06700000166893,194688
2022-08-14 20:00:00-04:00,0.06700000166893,0.06700000166893,0.06700000166893,0.06700000166893,0
2022-08-15 20:00:00-04:00,0.06700000166893,0.06700000166893,0.06700000166893,0.06700000166893,0
2022-08-16 20:00:00-04:00,0.06700000166893,0.06700000166893,0.06700000166893,0.06700000166893,0
2022-08-17 20:00:00-04:00,0.06700000166893,0.06700000166893,0.06700000166893,0.06700000166893,0
2022-08-18 20:00:00-04:00,0.06700000166893,0.0700000002980232,0.06700000166893,0.0700000002980232,117698
2022-08-21 20:00:00-04:00,0.0700000002980232,0.0700000002980232,0.0700000002980232,0.0700000002980232,0
2022-08-22 20:00:00-04:00,0.0700000002980232,0.0700000002980232,0.0700000002980232,0.0700000002980232,92800
2022-08-23 20:00:00-04:00,0.0700000002980232,0.0700000002980232,0.0700000002980232,0.0700000002980232,0
2022-08-24 20:00:00-04:00,0.0700000002980232,0.0700000002980232,0.0700000002980232,0.0700000002980232,0
2022-08-25 20:00:00-04:00,0.0719999969005584,0.0719999969005584,0.0710000023245811,0.0710000023245811,180000
2022-08-28 20:00:00-04:00,0.0710000023245811,0.0710000023245811,0.0710000023245811,0.0710000023245811,0
2022-08-29 20:00:00-04:00,0.0710000023245811,0.0710000023245811,0.0710000023245811,0.0710000023245811,0
2022-08-30 20:00:00-04:00,0.0710000023245811,0.0710000023245811,0.0710000023245811,0.0710000023245811,0
2022-08-31 20:00:00-04:00,0.0710000023245811,0.0710000023245811,0.0710000023245811,0.0710000023245811,0
2022-09-01 20:00:00-04:00,0.0710000023245811,0.0710000023245811,0.0710000023245811,0.0710000023245811,0
2022-09-04 20:00:00-04:00,0.0710000023245811,0.0710000023245811,0.0710000023245811,0.0710000023245811,361
2022-09-05 20:00:00-04:00,0.0710000023245811,0.0710000023245811,0.0710000023245811,0.0710000023245811,1802
2022-09-06 20:00:00-04:00,0.0710000023245811,0.0710000023245811,0.0710000023245811,0.0710000023245811,0
2022-09-07 20:00:00-04:00,0.0750000029802322,0.0790000036358833,0.0750000029802322,0.0790000036358833,90388
2022-09-08 20:00:00-04:00,0.0759999975562095,0.0759999975562095,0.0759999975562095,0.0759999975562095,6592
2022-09-11 20:00:00-04:00,0.0710000023245811,0.0710000023245811,0.0710000023245811,0.0710000023245811,4641
2022-09-12 20:00:00-04:00,0.0710000023245811,0.0710000023245811,0.0710000023245811,0.0710000023245811,0
2022-09-13 20:00:00-04:00,0.0710000023245811,0.0710000023245811,0.0710000023245811,0.0710000023245811,0
2022-09-14 20:00:00-04:00,0.0710000023245811,0.0710000023245811,0.0710000023245811,0.0710000023245811,0
2022-09-15 20:00:00-04:00,0.0729999989271164,0.0729999989271164,0.0729999989271164,0.0729999989271164,29636
2022-09-18 20:00:00-04:00,0.0729999989271164,0.0729999989271164,0.0729999989271164,0.0729999989271164,0
2022-09-19 20:00:00-04:00,0.0729999989271164,0.0729999989271164,0.0729999989271164,0.0729999989271164,0
2022-09-20 20:00:00-04:00,0.0729999989271164,0.0729999989271164,0.0729999989271164,0.0729999989271164,0
2022-09-22 20:00:00-04:00,0.0729999989271164,0.0729999989271164,0.0729999989271164,0.0729999989271164,0
2022-09-25 20:00:00-04:00,0.0659999996423721,0.0659999996423721,0.0659999996423721,0.0659999996423721,6592
2022-09-26 20:00:00-04:00,0.0659999996423721,0.0659999996423721,0.0659999996423721,0.0659999996423721,0
2022-09-27 20:00:00-04:00,0.0659999996423721,0.0659999996423721,0.0659999996423721,0.0659999996423721,0
2022-09-28 20:00:00-04:00,0.0659999996423721,0.0659999996423721,0.0659999996423721,0.0659999996423721,0
2022-09-29 20:00:00-04:00,0.0659999996423721,0.0659999996423721,0.0659999996423721,0.0659999996423721,0
2022-10-02 20:00:00-04:00,0.0659999996423721,0.0659999996423721,0.0659999996423721,0.0659999996423721,0
2022-10-03 20:00:00-04:00,0.0659999996423721,0.0659999996423721,0.0659999996423721,0.0659999996423721,0
2022-10-04 20:00:00-04:00,0.0659999996423721,0.0659999996423721,0.0659999996423721,0.0659999996423721,0
2022-10-05 20:00:00-04:00,0.0659999996423721,0.0659999996423721,0.0659999996423721,0.0659999996423721,0
2022-10-06 20:00:00-04:00,0.0659999996423721,0.0659999996423721,0.0659999996423721,0.0659999996423721,0
2022-10-09 20:00:00-04:00,0.0659999996423721,0.0659999996423721,0.0659999996423721,0.0659999996423721,0
2022-10-10 20:00:00-04:00,0.0659999996423721,0.0659999996423721,0.0659999996423721,0.0659999996423721,0
2022-10-11 20:00:00-04:00,0.0659999996423721,0.0659999996423721,0.0659999996423721,0.0659999996423721,0
2022-10-12 20:00:00-04:00,0.0659999996423721,0.0659999996423721,0.0659999996423721,0.0659999996423721,0
2022-10-13 20:00:00-04:00,0.0659999996423721,0.0659999996423721,0.0659999996423721,0.0659999996423721,0
2022-10-16 20:00:00-04:00,0.0719999969005584,0.0719999969005584,0.0719999969005584,0.0719999969005584,93920
2022-10-17 20:00:00-04:00,0.0719999969005584,0.0719999969005584,0.0719999969005584,0.0719999969005584,0
2022-10-18 20:00:00-04:00,0.0719999969005584,0.0719999969005584,0.0719999969005584,0.0719999969005584,0
2022-10-19 20:00:00-04:00,0.0719999969005584,0.0719999969005584,0.0719999969005584,0.0719999969005584,0
2022-10-20 20:00:00-04:00,0.0719999969005584,0.0719999969005584,0.0719999969005584,0.0719999969005584,0
2022-10-23 20:00:00-04:00,0.0719999969005584,0.0729999989271164,0.0719999969005584,0.0719999969005584,98095
2022-10-24 20:00:00-04:00,0.0719999969005584,0.0719999969005584,0.0719999969005584,0.0719999969005584,0
2022-10-25 20:00:00-04:00,0.0719999969005584,0.0719999969005584,0.0719999969005584,0.0719999969005584,0
2022-10-26 20:00:00-04:00,0.0719999969005584,0.0719999969005584,0.0719999969005584,0.0719999969005584,0
2022-10-27 20:00:00-04:00,0.0719999969005584,0.0719999969005584,0.0719999969005584,0.0719999969005584,0
2022-10-30 20:00:00-04:00,0.0719999969005584,0.0719999969005584,0.0719999969005584,0.0719999969005584,69271
2022-10-31 20:00:00-04:00,0.0719999969005584,0.0719999969005584,0.0719999969005584,0.0719999969005584,0
2022-11-01 20:00:00-04:00,0.0659999996423721,0.0659999996423721,0.0659999996423721,0.0659999996423721,1802
2022-11-02 20:00:00-04:00,0.0659999996423721,0.0659999996423721,0.0659999996423721,0.0659999996423721,0
2022-11-03 20:00:00-04:00,0.0659999996423721,0.0659999996423721,0.0659999996423721,0.0659999996423721,0
2022-11-06 19:00:00-05:00,0.0659999996423721,0.0659999996423721,0.0659999996423721,0.0659999996423721,0
2022-11-07 19:00:00-05:00,0.0659999996423721,0.0659999996423721,0.0659999996423721,0.0659999996423721,0
2022-11-08 19:00:00-05:00,0.0659999996423721,0.0659999996423721,0.0659999996423721,0.0659999996423721,0
2022-11-09 19:00:00-05:00,0.0680000036954879,0.0680000036954879,0.0680000036954879,0.0680000036954879,235
2022-11-10 19:00:00-05:00,0.0680000036954879,0.0680000036954879,0.0680000036954879,0.0680000036954879,0
2022-11-13 19:00:00-05:00,0.0680000036954879,0.0680000036954879,0.0680000036954879,0.0680000036954879,0
2022-11-14 19:00:00-05:00,0.0710000023245811,0.0710000023245811,0.0710000023245811,0.0710000023245811,26127
2022-11-15 19:00:00-05:00,0.0710000023245811,0.0710000023245811,0.0710000023245811,0.0710000023245811,0
2022-11-16 19:00:00-05:00,0.0710000023245811,0.0710000023245811,0.0710000023245811,0.0710000023245811,0
2022-11-17 19:00:00-05:00,0.0710000023245811,0.0710000023245811,0.0710000023245811,0.0710000023245811,0
2022-11-20 19:00:00-05:00,0.0710000023245811,0.0710000023245811,0.0710000023245811,0.0710000023245811,0
2022-11-21 19:00:00-05:00,0.0710000023245811,0.0710000023245811,0.0710000023245811,0.0710000023245811,0
2022-11-22 19:00:00-05:00,0.06700000166893,0.06700000166893,0.06700000166893,0.06700000166893,30000
2022-11-23 19:00:00-05:00,0.0659999996423721,0.0659999996423721,0.0659999996423721,0.0659999996423721,229802
2022-11-24 19:00:00-05:00,0.0599999986588954,0.0599999986588954,0.0599999986588954,0.0599999986588954,175000
2022-11-27 19:00:00-05:00,0.0599999986588954,0.0599999986588954,0.0599999986588954,0.0599999986588954,313332
2022-11-28 19:00:00-05:00,0.0599999986588954,0.0599999986588954,0.0599999986588954,0.0599999986588954,250000
2022-11-29 19:00:00-05:00,0.0599999986588954,0.0599999986588954,0.0599999986588954,0.0599999986588954,500000
2022-11-30 19:00:00-05:00,0.0599999986588954,0.0599999986588954,0.0599999986588954,0.0599999986588954,0
2022-12-01 19:00:00-05:00,0.0599999986588954,0.0599999986588954,0.0599999986588954,0.0599999986588954,0
2022-12-04 19:00:00-05:00,0.0549999997019767,0.0549999997019767,0.0549999997019767,0.0549999997019767,50000
2022-12-05 19:00:00-05:00,0.0560000017285347,0.0599999986588954,0.0560000017285347,0.0599999986588954,300000
2022-12-06 19:00:00-05:00,0.0599999986588954,0.0599999986588954,0.0599999986588954,0.0599999986588954,10000
2022-12-07 19:00:00-05:00,0.0599999986588954,0.0599999986588954,0.0599999986588954,0.0599999986588954,0
2022-12-08 19:00:00-05:00,0.0579999983310699,0.0579999983310699,0.0579999983310699,0.0579999983310699,11922
2022-12-11 19:00:00-05:00,0.0590000003576278,0.0599999986588954,0.0590000003576278,0.0599999986588954,170000
2022-12-12 19:00:00-05:00,0.0599999986588954,0.0599999986588954,0.0599999986588954,0.0599999986588954,0
2022-12-13 19:00:00-05:00,0.0599999986588954,0.0599999986588954,0.0599999986588954,0.0599999986588954,0
2022-12-14 19:00:00-05:00,0.0599999986588954,0.0599999986588954,0.0599999986588954,0.0599999986588954,0
2022-12-15 19:00:00-05:00,0.0599999986588954,0.0599999986588954,0.0599999986588954,0.0599999986588954,0
2022-12-18 19:00:00-05:00,0.0599999986588954,0.0599999986588954,0.0599999986588954,0.0599999986588954,0
2022-12-19 19:00:00-05:00,0.0579999983310699,0.0579999983310699,0.0579999983310699,0.0579999983310699,200000
2022-12-20 19:00:00-05:00,0.0579999983310699,0.0579999983310699,0.0579999983310699,0.0579999983310699,75000
2022-12-21 19:00:00-05:00,0.0599999986588954,0.0599999986588954,0.0599999986588954,0.0599999986588954,200000
2022-12-22 19:00:00-05:00,0.0599999986588954,0.0599999986588954,0.0599999986588954,0.0599999986588954,0
2022-12-27 19:00:00-05:00,0.0599999986588954,0.0599999986588954,0.0599999986588954,0.0599999986588954,0
2022-12-28 19:00:00-05:00,0.0599999986588954,0.0599999986588954,0.0599999986588954,0.0599999986588954,0
2022-12-29 19:00:00-05:00,0.0649999976158142,0.0649999976158142,0.0599999986588954,0.0599999986588954,22999
2023-01-02 19:00:00-05:00,0.0599999986588954,0.0599999986588954,0.0599999986588954,0.0599999986588954,0
2023-01-03 19:00:00-05:00,0.0599999986588954,0.0599999986588954,0.0599999986588954,0.0599999986588954,0
2023-01-04 19:00:00-05:00,0.0599999986588954,0.0599999986588954,0.0599999986588954,0.0599999986588954,0
2023-01-05 19:00:00-05:00,0.0599999986588954,0.0599999986588954,0.0599999986588954,0.0599999986588954,0
2023-01-08 19:00:00-05:00,0.0599999986588954,0.0599999986588954,0.0599999986588954,0.0599999986588954,0
2023-01-09 19:00:00-05:00,0.0599999986588954,0.0599999986588954,0.0599999986588954,0.0599999986588954,0
2023-01-10 19:00:00-05:00,0.0599999986588954,0.0599999986588954,0.0599999986588954,0.0599999986588954,0
2023-01-11 19:00:00-05:00,0.0599999986588954,0.0599999986588954,0.0599999986588954,0.0599999986588954,0
2023-01-12 19:00:00-05:00,0.0599999986588954,0.0599999986588954,0.0599999986588954,0.0599999986588954,0
2023-01-15 19:00:00-05:00,0.0599999986588954,0.0599999986588954,0.0599999986588954,0.0599999986588954,50000
2023-01-16 19:00:00-05:00,0.0599999986588954,0.0599999986588954,0.0599999986588954,0.0599999986588954,0
2023-01-17 19:00:00-05:00,0.0599999986588954,0.0599999986588954,0.0599999986588954,0.0599999986588954,0
2023-01-18 19:00:00-05:00,0.0560000017285347,0.0560000017285347,0.0549999997019767,0.0549999997019767,68202
2023-01-19 19:00:00-05:00,0.0549999997019767,0.0549999997019767,0.0549999997019767,0.0549999997019767,0
2023-01-22 19:00:00-05:00,0.0549999997019767,0.0549999997019767,0.0549999997019767,0.0549999997019767,0
2023-01-23 19:00:00-05:00,0.0549999997019767,0.0549999997019767,0.0549999997019767,0.0549999997019767,44
2023-01-24 19:00:00-05:00,0.0549999997019767,0.0549999997019767,0.0549999997019767,0.0549999997019767,0
2023-01-26 19:00:00-05:00,0.0570000000298023,0.0570000000298023,0.0570000000298023,0.0570000000298023,1802
2023-01-29 19:00:00-05:00,0.0570000000298023,0.0570000000298023,0.0570000000298023,0.0570000000298023,0
2023-01-30 19:00:00-05:00,0.0570000000298023,0.0570000000298023,0.0570000000298023,0.0570000000298023,0
2023-01-31 19:00:00-05:00,0.0570000000298023,0.0570000000298023,0.0570000000298023,0.0570000000298023,0
2023-02-01 19:00:00-05:00,0.0570000000298023,0.0570000000298023,0.0570000000298023,0.0570000000298023,0
2023-02-02 19:00:00-05:00,0.0599999986588954,0.0599999986588954,0.0599999986588954,0.0599999986588954,2213
2023-02-05 19:00:00-05:00,0.0599999986588954,0.0599999986588954,0.0599999986588954,0.0599999986588954,0
2023-02-06 19:00:00-05:00,0.0599999986588954,0.0599999986588954,0.0599999986588954,0.0599999986588954,0
2023-02-07 19:00:00-05:00,0.0640000030398368,0.0659999996423721,0.0640000030398368,0.0659999996423721,175522
2023-02-08 19:00:00-05:00,0.0659999996423721,0.0659999996423721,0.0659999996423721,0.0659999996423721,1083
2023-02-09 19:00:00-05:00,0.0659999996423721,0.0659999996423721,0.0659999996423721,0.0659999996423721,0
2023-02-12 19:00:00-05:00,0.0659999996423721,0.0659999996423721,0.0659999996423721,0.0659999996423721,0
2023-02-13 19:00:00-05:00,0.0659999996423721,0.0659999996423721,0.0659999996423721,0.0659999996423721,0
2023-02-14 19:00:00-05:00,0.0659999996423721,0.0659999996423721,0.0659999996423721,0.0659999996423721,0
2023-02-15 19:00:00-05:00,0.0659999996423721,0.0659999996423721,0.0659999996423721,0.0659999996423721,0
2023-02-16 19:00:00-05:00,0.0659999996423721,0.0659999996423721,0.0659999996423721,0.0659999996423721,0
2023-02-19 19:00:00-05:00,0.0659999996423721,0.0659999996423721,0.0659999996423721,0.0659999996423721,0
2023-02-20 19:00:00-05:00,0.0659999996423721,0.0659999996423721,0.0659999996423721,0.0659999996423721,0
2023-02-21 19:00:00-05:00,0.0599999986588954,0.0599999986588954,0.0590000003576278,0.0599999986588954,41213
2023-02-22 19:00:00-05:00,0.0599999986588954,0.0599999986588954,0.0599999986588954,0.0599999986588954,0
2023-02-23 19:00:00-05:00,0.0599999986588954,0.0599999986588954,0.0599999986588954,0.0599999986588954,0
2023-02-26 19:00:00-05:00,0.0599999986588954,0.0599999986588954,0.0599999986588954,0.0599999986588954,0
2023-02-27 19:00:00-05:00,0.0599999986588954,0.0599999986588954,0.0599999986588954,0.0599999986588954,50000
2023-02-28 19:00:00-05:00,0.0599999986588954,0.0599999986588954,0.0599999986588954,0.0599999986588954,0
2023-03-01 19:00:00-05:00,0.0599999986588954,0.0599999986588954,0.0599999986588954,0.0599999986588954,800000
2023-03-02 19:00:00-05:00,0.0599999986588954,0.0599999986588954,0.0599999986588954,0.0599999986588954,0
2023-03-05 19:00:00-05:00,0.0599999986588954,0.0599999986588954,0.0599999986588954,0.0599999986588954,0
2023-03-06 19:00:00-05:00,0.0599999986588954,0.0599999986588954,0.0599999986588954,0.0599999986588954,0
2023-03-07 19:00:00-05:00,0.0599999986588954,0.0599999986588954,0.0599999986588954,0.0599999986588954,10000
2023-03-08 19:00:00-05:00,0.0599999986588954,0.0599999986588954,0.0599999986588954,0.0599999986588954,0
2023-03-09 19:00:00-05:00,0.0599999986588954,0.0599999986588954,0.0599999986588954,0.0599999986588954,0
2023-03-12 20:00:00-04:00,0.0599999986588954,0.0599999986588954,0.0599999986588954,0.0599999986588954,0
2023-03-13 20:00:00-04:00,0.0599999986588954,0.0599999986588954,0.0599999986588954,0.0599999986588954,0
2023-03-14 20:00:00-04:00,0.0599999986588954,0.0599999986588954,0.0590000003576278,0.0590000003576278,47999
2023-03-15 20:00:00-04:00,0.0579999983310699,0.0579999983310699,0.0579999983310699,0.0579999983310699,2001
2023-03-16 20:00:00-04:00,0.0579999983310699,0.0579999983310699,0.0579999983310699,0.0579999983310699,75000
2023-03-19 20:00:00-04:00,0.0584999993443489,0.0584999993443489,0.0584999993443489,0.0584999993443489,1793
2023-03-20 20:00:00-04:00,0.0590000003576278,0.0640000030398368,0.0590000003576278,0.0640000030398368,64218
2023-03-21 20:00:00-04:00,0.0610000006854534,0.0649999976158142,0.0610000006854534,0.0649999976158142,238231
2023-03-22 20:00:00-04:00,0.0649999976158142,0.0649999976158142,0.0649999976158142,0.0649999976158142,0
2023-03-23 20:00:00-04:00,0.0649999976158142,0.0649999976158142,0.0649999976158142,0.0649999976158142,16
2023-03-26 20:00:00-04:00,0.0649999976158142,0.0649999976158142,0.0649999976158142,0.0649999976158142,16
2023-03-27 20:00:00-04:00,0.0649999976158142,0.0649999976158142,0.0649999976158142,0.0649999976158142,157
2023-03-28 20:00:00-04:00,0.0649999976158142,0.0649999976158142,0.0649999976158142,0.0649999976158142,0
2023-03-29 20:00:00-04:00,0.0599999986588954,0.0599999986588954,0.0599999986588954,0.0599999986588954,197
2023-03-30 20:00:00-04:00,0.0599999986588954,0.0599999986588954,0.0599999986588954,0.0599999986588954,8539016
2023-04-02 20:00:00-04:00,0.0649999976158142,0.0649999976158142,0.0649999976158142,0.0649999976158142,5995
2023-04-03 20:00:00-04:00,0.0599999986588954,0.0610000006854534,0.0599999986588954,0.0599999986588954,384901
2023-04-04 20:00:00-04:00,0.0579999983310699,0.0590000003576278,0.0579999983310699,0.0590000003576278,58038
2023-04-05 20:00:00-04:00,0.0599999986588954,0.0599999986588954,0.0549999997019767,0.0549999997019767,53690
2023-04-10 20:00:00-04:00,0.0549999997019767,0.0549999997019767,0.0549999997019767,0.0549999997019767,0
2023-04-11 20:00:00-04:00,0.0549999997019767,0.0549999997019767,0.0549999997019767,0.0549999997019767,0
2023-04-12 20:00:00-04:00,0.0549999997019767,0.0549999997019767,0.0549999997019767,0.0549999997019767,0
2023-04-13 20:00:00-04:00,0.0549999997019767,0.0549999997019767,0.0549999997019767,0.0549999997019767,0
2023-04-16 20:00:00-04:00,0.0460000000894069,0.0489999987185001,0.0460000000894069,0.0489999987185001,1177
2023-04-17 20:00:00-04:00,0.0599999986588954,0.0649999976158142,0.0599999986588954,0.0649999976158142,146177
2023-04-18 20:00:00-04:00,0.0700000002980232,0.0799999982118606,0.0680000036954879,0.0799999982118606,382985
2023-04-19 20:00:00-04:00,0.0799999982118606,0.0799999982118606,0.0799999982118606,0.0799999982118606,31190
2023-04-20 20:00:00-04:00,0.0750000029802322,0.0750000029802322,0.0700000002980232,0.0700000002980232,266160
2023-04-23 20:00:00-04:00,0.0750000029802322,0.0750000029802322,0.0750000029802322,0.0750000029802322,163907
2023-04-25 20:00:00-04:00,0.0700000002980232,0.0719999969005584,0.0680000036954879,0.0689999982714653,236646
2023-04-26 20:00:00-04:00,0.0689999982714653,0.0689999982714653,0.0689999982714653,0.0689999982714653,0
2023-04-27 20:00:00-04:00,0.0689999982714653,0.0689999982714653,0.0689999982714653,0.0689999982714653,451
2023-04-30 20:00:00-04:00,0.0689999982714653,0.0689999982714653,0.0689999982714653,0.0689999982714653,0
2023-05-01 20:00:00-04:00,0.0689999982714653,0.0689999982714653,0.0689999982714653,0.0689999982714653,0
2023-05-02 20:00:00-04:00,0.0750000029802322,0.0750000029802322,0.0700000002980232,0.0700000002980232,126380
2023-05-03 20:00:00-04:00,0.0729999989271164,0.0740000009536743,0.0729999989271164,0.0740000009536743,33522
2023-05-04 20:00:00-04:00,0.0700000002980232,0.0700000002980232,0.0700000002980232,0.0700000002980232,483965
2023-05-07 20:00:00-04:00,0.0700000002980232,0.0700000002980232,0.0700000002980232,0.0700000002980232,420000
2023-05-08 20:00:00-04:00,0.0700000002980232,0.0700000002980232,0.0700000002980232,0.0700000002980232,0
2023-05-09 20:00:00-04:00,0.0700000002980232,0.0700000002980232,0.0700000002980232,0.0700000002980232,0
2023-05-10 20:00:00-04:00,0.0719999969005584,0.0750000029802322,0.0680000036954879,0.0680000036954879,228842
2023-05-11 20:00:00-04:00,0.0680000036954879,0.0680000036954879,0.0680000036954879,0.0680000036954879,0
2023-05-14 20:00:00-04:00,0.0680000036954879,0.0680000036954879,0.0680000036954879,0.0680000036954879,0
2023-05-15 20:00:00-04:00,0.0719999969005584,0.0750000029802322,0.0719999969005584,0.0750000029802322,453123
2023-05-16 20:00:00-04:00,0.0799999982118606,0.0799999982118606,0.0799999982118606,0.0799999982118606,15000
2023-05-17 20:00:00-04:00,0.0799999982118606,0.0799999982118606,0.0750000029802322,0.0750000029802322,257210
2023-05-18 20:00:00-04:00,0.0750000029802322,0.0750000029802322,0.0750000029802322,0.0750000029802322,187595
2023-05-21 20:00:00-04:00,0.0799999982118606,0.0799999982118606,0.0799999982118606,0.0799999982118606,81250
2023-05-22 20:00:00-04:00,0.0799999982118606,0.0799999982118606,0.0750000029802322,0.0750000029802322,87841
2023-05-23 20:00:00-04:00,0.0799999982118606,0.0799999982118606,0.0799999982118606,0.0799999982118606,100000
2023-05-24 20:00:00-04:00,0.0750000029802322,0.0750000029802322,0.0750000029802322,0.0750000029802322,20000
2023-05-25 20:00:00-04:00,0.0759999975562095,0.0780000016093254,0.0750000029802322,0.0750000029802322,342428
2023-05-28 20:00:00-04:00,0.0719999969005584,0.0750000029802322,0.0719999969005584,0.0750000029802322,596307
2023-05-29 20:00:00-04:00,0.0750000029802322,0.0750000029802322,0.0719999969005584,0.0719999969005584,390612
2023-05-30 20:00:00-04:00,0.0719999969005584,0.0719999969005584,0.0719999969005584,0.0719999969005584,0
2023-05-31 20:00:00-04:00,0.0719999969005584,0.0719999969005584,0.0719999969005584,0.0719999969005584,3066
2023-06-01 20:00:00-04:00,0.0780000016093254,0.0780000016093254,0.0769999995827674,0.0769999995827674,290280
2023-06-04 20:00:00-04:00,0.0759999975562095,0.0759999975562095,0.0759999975562095,0.0759999975562095,145659
2023-06-05 20:00:00-04:00,0.0759999975562095,0.0759999975562095,0.0759999975562095,0.0759999975562095,0
2023-06-06 20:00:00-04:00,0.0729999989271164,0.0729999989271164,0.0729999989271164,0.0729999989271164,250000
2023-06-07 20:00:00-04:00,0.0729999989271164,0.0729999989271164,0.0729999989271164,0.0729999989271164,367
2023-06-08 20:00:00-04:00,0.0729999989271164,0.0729999989271164,0.0729999989271164,0.0729999989271164,0
2023-06-12 20:00:00-04:00,0.0710000023245811,0.0710000023245811,0.0700000002980232,0.0700000002980232,118811
2023-06-13 20:00:00-04:00,0.0700000002980232,0.0700000002980232,0.0700000002980232,0.0700000002980232,14
2023-06-14 20:00:00-04:00,0.0689999982714653,0.0710000023245811,0.0689999982714653,0.0700000002980232,403033
2023-06-15 20:00:00-04:00,0.0700000002980232,0.0700000002980232,0.0689999982714653,0.0700000002980232,315334
2023-06-18 20:00:00-04:00,0.0700000002980232,0.0700000002980232,0.0700000002980232,0.0700000002980232,61545
2023-06-19 20:00:00-04:00,0.0700000002980232,0.0700000002980232,0.0700000002980232,0.0700000002980232,0
2023-06-20 20:00:00-04:00,0.0649999976158142,0.0649999976158142,0.0649999976158142,0.0649999976158142,144900
2023-06-21 20:00:00-04:00,0.0649999976158142,0.0649999976158142,0.0599999986588954,0.0599999986588954,249720
2023-06-22 20:00:00-04:00,0.0599999986588954,0.0599999986588954,0.0599999986588954,0.0599999986588954,0
2023-06-25 20:00:00-04:00,0.0599999986588954,0.0599999986588954,0.0599999986588954,0.0599999986588954,0
2023-06-26 20:00:00-04:00,0.0599999986588954,0.0599999986588954,0.0599999986588954,0.0599999986588954,0
2023-06-27 20:00:00-04:00,0.0649999976158142,0.0649999976158142,0.0649999976158142,0.0649999976158142,4505
2023-06-28 20:00:00-04:00,0.0649999976158142,0.0649999976158142,0.0649999976158142,0.0649999976158142,0
2023-06-29 20:00:00-04:00,0.0649999976158142,0.0649999976158142,0.0649999976158142,0.0649999976158142,0
2023-07-02 20:00:00-04:00,0.0649999976158142,0.0649999976158142,0.0649999976158142,0.0649999976158142,0
2023-07-03 20:00:00-04:00,0.0649999976158142,0.0649999976158142,0.0649999976158142,0.0649999976158142,0
2023-07-04 20:00:00-04:00,0.06700000166893,0.06700000166893,0.06700000166893,0.06700000166893,361
2023-07-05 20:00:00-04:00,0.06700000166893,0.0680000036954879,0.06700000166893,0.06700000166893,236917
2023-07-06 20:00:00-04:00,0.06700000166893,0.06700000166893,0.06700000166893,0.06700000166893,0
2023-07-09 20:00:00-04:00,0.06700000166893,0.06700000166893,0.06700000166893,0.06700000166893,0
2023-07-10 20:00:00-04:00,0.06700000166893,0.06700000166893,0.06700000166893,0.06700000166893,0
2023-07-11 20:00:00-04:00,0.06700000166893,0.06700000166893,0.06700000166893,0.06700000166893,0
2023-07-12 20:00:00-04:00,0.0689999982714653,0.0689999982714653,0.0630000010132789,0.0649999976158142,78365
2023-07-13 20:00:00-04:00,0.0649999976158142,0.0649999976158142,0.0649999976158142,0.0649999976158142,0
2023-07-16 20:00:00-04:00,0.0649999976158142,0.0649999976158142,0.0649999976158142,0.0649999976158142,34516
2023-07-17 20:00:00-04:00,0.0649999976158142,0.0649999976158142,0.0649999976158142,0.0649999976158142,0
2023-07-18 20:00:00-04:00,0.0649999976158142,0.0649999976158142,0.0649999976158142,0.0649999976158142,1128
2023-07-19 20:00:00-04:00,0.0649999976158142,0.0649999976158142,0.0649999976158142,0.0649999976158142,100000
2023-07-20 20:00:00-04:00,0.0649999976158142,0.0649999976158142,0.0649999976158142,0.0649999976158142,0
2023-07-23 20:00:00-04:00,0.0649999976158142,0.0649999976158142,0.0649999976158142,0.0649999976158142,0
2023-07-24 20:00:00-04:00,0.0649999976158142,0.0649999976158142,0.0649999976158142,0.0649999976158142,0
2023-07-25 20:00:00-04:00,0.0649999976158142,0.0649999976158142,0.0649999976158142,0.0649999976158142,0
2023-07-26 20:00:00-04:00,0.0649999976158142,0.0649999976158142,0.0649999976158142,0.0649999976158142,0
2023-07-27 20:00:00-04:00,0.0649999976158142,0.0649999976158142,0.0649999976158142,0.0649999976158142,0
2023-07-30 20:00:00-04:00,0.0649999976158142,0.0649999976158142,0.0649999976158142,0.0649999976158142,0
2023-07-31 20:00:00-04:00,0.0649999976158142,0.0649999976158142,0.0649999976158142,0.0649999976158142,0
2023-08-01 20:00:00-04:00,0.0649999976158142,0.0649999976158142,0.0649999976158142,0.0649999976158142,0
2023-08-02 20:00:00-04:00,0.0649999976158142,0.0649999976158142,0.0649999976158142,0.0649999976158142,0
2023-08-03 20:00:00-04:00,0.0649999976158142,0.0649999976158142,0.0649999976158142,0.0649999976158142,0
2023-08-06 20:00:00-04:00,0.0649999976158142,0.0649999976158142,0.0649999976158142,0.0649999976158142,0
2023-08-07 20:00:00-04:00,0.0649999976158142,0.0649999976158142,0.0649999976158142,0.0649999976158142,0
2023-08-08 20:00:00-04:00,0.0649999976158142,0.0649999976158142,0.0649999976158142,0.0649999976158142,0
2023-08-09 20:00:00-04:00,0.0649999976158142,0.0649999976158142,0.0649999976158142,0.0649999976158142,0
2023-08-10 20:00:00-04:00,0.0649999976158142,0.0649999976158142,0.0649999976158142,0.0649999976158142,0
2023-08-13 20:00:00-04:00,0.0649999976158142,0.0649999976158142,0.0649999976158142,0.0649999976158142,0
2023-08-14 20:00:00-04:00,0.0700000002980232,0.0700000002980232,0.0700000002980232,0.0700000002980232,48157
2023-08-15 20:00:00-04:00,0.0700000002980232,0.0700000002980232,0.0700000002980232,0.0700000002980232,0
2023-08-16 20:00:00-04:00,0.0700000002980232,0.0700000002980232,0.0700000002980232,0.0700000002980232,0
2023-08-17 20:00:00-04:00,0.06700000166893,0.06700000166893,0.06700000166893,0.06700000166893,17880
2023-08-20 20:00:00-04:00,0.06700000166893,0.06700000166893,0.06700000166893,0.06700000166893,0
2023-08-21 20:00:00-04:00,0.06700000166893,0.06700000166893,0.06700000166893,0.06700000166893,0
2023-08-22 20:00:00-04:00,0.0700000002980232,0.0700000002980232,0.0700000002980232,0.0700000002980232,6731
2023-08-23 20:00:00-04:00,0.0700000002980232,0.0700000002980232,0.0700000002980232,0.0700000002980232,0
2023-08-24 20:00:00-04:00,0.0700000002980232,0.0700000002980232,0.0700000002980232,0.0700000002980232,0
2023-08-27 20:00:00-04:00,0.0700000002980232,0.0700000002980232,0.0700000002980232,0.0700000002980232,7080
2023-08-28 20:00:00-04:00,0.0700000002980232,0.0700000002980232,0.0700000002980232,0.0700000002980232,0
2023-08-29 20:00:00-04:00,0.0700000002980232,0.0700000002980232,0.0700000002980232,0.0700000002980232,0
2023-08-30 20:00:00-04:00,0.0700000002980232,0.0700000002980232,0.0700000002980232,0.0700000002980232,0
2023-08-31 20:00:00-04:00,0.0700000002980232,0.0700000002980232,0.0700000002980232,0.0700000002980232,0
2023-09-03 20:00:00-04:00,0.0700000002980232,0.0700000002980232,0.0700000002980232,0.0700000002980232,0
2023-09-04 20:00:00-04:00,0.06700000166893,0.06700000166893,0.06700000166893,0.06700000166893,1
2023-09-05 20:00:00-04:00,0.06700000166893,0.06700000166893,0.06700000166893,0.06700000166893,0
2023-09-06 20:00:00-04:00,0.06700000166893,0.06700000166893,0.06700000166893,0.06700000166893,0
2023-09-07 20:00:00-04:00,0.0590000003576278,0.0610000006854534,0.0590000003576278,0.0610000006854534,1050916
2023-09-10 20:00:00-04:00,0.0610000006854534,0.0610000006854534,0.0610000006854534,0.0610000006854534,0
2023-09-11 20:00:00-04:00,0.0630000010132789,0.0630000010132789,0.0630000010132789,0.0630000010132789,45
2023-09-12 20:00:00-04:00,0.0649999976158142,0.06700000166893,0.0649999976158142,0.0659999996423721,40951
2023-09-13 20:00:00-04:00,0.0659999996423721,0.0659999996423721,0.0659999996423721,0.0659999996423721,0
2023-09-14 20:00:00-04:00,0.0649999976158142,0.0649999976158142,0.0649999976158142,0.0649999976158142,16068
2023-09-17 20:00:00-04:00,0.0649999976158142,0.0649999976158142,0.0649999976158142,0.0649999976158142,33932
2023-09-18 20:00:00-04:00,0.0649999976158142,0.0649999976158142,0.0649999976158142,0.0649999976158142,0
2023-09-19 20:00:00-04:00,0.0649999976158142,0.0649999976158142,0.0649999976158142,0.0649999976158142,0
2023-09-20 20:00:00-04:00,0.0649999976158142,0.0649999976158142,0.0649999976158142,0.0649999976158142,0
2023-09-21 20:00:00-04:00,0.0649999976158142,0.0649999976158142,0.0649999976158142,0.0649999976158142,0
2023-09-24 20:00:00-04:00,0.0649999976158142,0.0649999976158142,0.0649999976158142,0.0649999976158142,0
2023-09-25 20:00:00-04:00,0.0649999976158142,0.0649999976158142,0.0649999976158142,0.0649999976158142,0
2023-09-26 20:00:00-04:00,0.0649999976158142,0.0649999976158142,0.0649999976158142,0.0649999976158142,0
2023-09-27 20:00:00-04:00,0.0649999976158142,0.0649999976158142,0.0649999976158142,0.0649999976158142,0
2023-09-28 20:00:00-04:00,0.0649999976158142,0.0649999976158142,0.0649999976158142,0.0649999976158142,0
2023-10-01 20:00:00-04:00,0.0649999976158142,0.0649999976158142,0.0649999976158142,0.0649999976158142,0
2023-10-02 20:00:00-04:00,0.0649999976158142,0.0649999976158142,0.0649999976158142,0.0649999976158142,0
2023-10-03 20:00:00-04:00,0.0649999976158142,0.0649999976158142,0.0649999976158142,0.0649999976158142,0
2023-10-04 20:00:00-04:00,0.0649999976158142,0.0649999976158142,0.0649999976158142,0.0649999976158142,0
2023-10-05 20:00:00-04:00,0.0529999993741512,0.0549999997019767,0.0520000010728836,0.0549999997019767,374926
2023-10-08 20:00:00-04:00,0.0549999997019767,0.0549999997019767,0.0529999993741512,0.0529999993741512,3092
2023-10-09 20:00:00-04:00,0.0529999993741512,0.0529999993741512,0.0529999993741512,0.0529999993741512,0
2023-10-10 20:00:00-04:00,0.0590000003576278,0.0615000016987323,0.0590000003576278,0.0615000016987323,40000
2023-10-11 20:00:00-04:00,0.0649999976158142,0.0649999976158142,0.0649999976158142,0.0649999976158142,2025
2023-10-12 20:00:00-04:00,0.0649999976158142,0.0649999976158142,0.0649999976158142,0.0649999976158142,0
2023-10-15 20:00:00-04:00,0.0649999976158142,0.0649999976158142,0.0649999976158142,0.0649999976158142,0
2023-10-16 20:00:00-04:00,0.0649999976158142,0.0649999976158142,0.0649999976158142,0.0649999976158142,0
2023-10-17 20:00:00-04:00,0.0649999976158142,0.0649999976158142,0.0649999976158142,0.0649999976158142,0
2023-10-18 20:00:00-04:00,0.0649999976158142,0.0649999976158142,0.0649999976158142,0.0649999976158142,0
2023-10-19 20:00:00-04:00,0.0649999976158142,0.0649999976158142,0.0649999976158142,0.0649999976158142,0
2023-10-22 20:00:00-04:00,0.0649999976158142,0.0649999976158142,0.0649999976158142,0.0649999976158142,0
2023-10-23 20:00:00-04:00,0.0649999976158142,0.0649999976158142,0.0649999976158142,0.0649999976158142,0
2023-10-24 20:00:00-04:00,0.0649999976158142,0.0649999976158142,0.0649999976158142,0.0649999976158142,0
2023-10-25 20:00:00-04:00,0.0649999976158142,0.0649999976158142,0.0649999976158142,0.0649999976158142,0
2023-10-26 20:00:00-04:00,0.0649999976158142,0.0649999976158142,0.0649999976158142,0.0649999976158142,0
2023-10-29 20:00:00-04:00,0.0649999976158142,0.0649999976158142,0.0649999976158142,0.0649999976158142,0
2023-10-30 20:00:00-04:00,0.0649999976158142,0.0649999976158142,0.0649999976158142,0.0649999976158142,0
2023-10-31 20:00:00-04:00,0.0649999976158142,0.0649999976158142,0.0649999976158142,0.0649999976158142,0
2023-11-01 20:00:00-04:00,0.0649999976158142,0.0649999976158142,0.0649999976158142,0.0649999976158142,0
2023-11-02 20:00:00-04:00,0.0649999976158142,0.0649999976158142,0.0649999976158142,0.0649999976158142,0
2023-11-05 19:00:00-05:00,0.0509999990463256,0.0509999990463256,0.050000000745058,0.050000000745058,175000
2023-11-06 19:00:00-05:00,0.050000000745058,0.050000000745058,0.050000000745058,0.050000000745058,0
2023-11-07 19:00:00-05:00,0.050000000745058,0.050000000745058,0.050000000745058,0.050000000745058,0
2023-11-08 19:00:00-05:00,0.050000000745058,0.050000000745058,0.050000000745058,0.050000000745058,0
2023-11-09 19:00:00-05:00,0.050000000745058,0.050000000745058,0.050000000745058,0.050000000745058,0
2023-11-12 19:00:00-05:00,0.050000000745058,0.050000000745058,0.050000000745058,0.050000000745058,0
2023-11-13 19:00:00-05:00,0.0509999990463256,0.0509999990463256,0.050000000745058,0.050000000745058,585000
2023-11-14 19:00:00-05:00,0.050000000745058,0.050000000745058,0.050000000745058,0.050000000745058,0
2023-11-15 19:00:00-05:00,0.0520000010728836,0.0520000010728836,0.0520000010728836,0.0520000010728836,982
2023-11-16 19:00:00-05:00,0.0520000010728836,0.0520000010728836,0.0520000010728836,0.0520000010728836,0
2023-11-19 19:00:00-05:00,0.0520000010728836,0.0520000010728836,0.0520000010728836,0.0520000010728836,0
2023-11-20 19:00:00-05:00,0.0520000010728836,0.0520000010728836,0.0520000010728836,0.0520000010728836,0
2023-11-21 19:00:00-05:00,0.0520000010728836,0.0520000010728836,0.0520000010728836,0.0520000010728836,0
2023-11-22 19:00:00-05:00,0.0520000010728836,0.0520000010728836,0.0520000010728836,0.0520000010728836,0
2023-11-23 19:00:00-05:00,0.0520000010728836,0.0520000010728836,0.0520000010728836,0.0520000010728836,0
2023-11-26 19:00:00-05:00,0.0520000010728836,0.0520000010728836,0.0520000010728836,0.0520000010728836,0
2023-11-27 19:00:00-05:00,0.0579999983310699,0.0579999983310699,0.0579999983310699,0.0579999983310699,50000
2023-11-28 19:00:00-05:00,0.0579999983310699,0.0579999983310699,0.0579999983310699,0.0579999983310699,0
2023-11-29 19:00:00-05:00,0.0579999983310699,0.0579999983310699,0.0579999983310699,0.0579999983310699,0
2023-11-30 19:00:00-05:00,0.0540000014007091,0.0549999997019767,0.0509999990463256,0.0509999990463256,584743
2023-12-03 19:00:00-05:00,0.0509999990463256,0.0509999990463256,0.0509999990463256,0.0509999990463256,0
2023-12-04 19:00:00-05:00,0.0509999990463256,0.0509999990463256,0.0509999990463256,0.0509999990463256,0
2023-12-05 19:00:00-05:00,0.0509999990463256,0.0509999990463256,0.0509999990463256,0.0509999990463256,0
2023-12-06 19:00:00-05:00,0.0509999990463256,0.0509999990463256,0.0509999990463256,0.0509999990463256,0
2023-12-07 19:00:00-05:00,0.0509999990463256,0.0509999990463256,0.0509999990463256,0.0509999990463256,0
2023-12-10 19:00:00-05:00,0.0520000010728836,0.0520000010728836,0.0520000010728836,0.0520000010728836,104481
2023-12-11 19:00:00-05:00,0.0509999990463256,0.0520000010728836,0.0509999990463256,0.0520000010728836,683680
2023-12-12 19:00:00-05:00,0.0520000010728836,0.0520000010728836,0.0520000010728836,0.0520000010728836,0
2023-12-13 19:00:00-05:00,0.0520000010728836,0.0520000010728836,0.0520000010728836,0.0520000010728836,0
2023-12-14 19:00:00-05:00,0.0520000010728836,0.0520000010728836,0.0520000010728836,0.0520000010728836,0
2023-12-17 19:00:00-05:00,0.0520000010728836,0.0520000010728836,0.0520000010728836,0.0520000010728836,0
2023-12-18 19:00:00-05:00,0.0520000010728836,0.0520000010728836,0.0520000010728836,0.0520000010728836,0
2023-12-19 19:00:00-05:00,0.0520000010728836,0.0520000010728836,0.0520000010728836,0.0520000010728836,0
2023-12-20 19:00:00-05:00,0.0520000010728836,0.0520000010728836,0.0520000010728836,0.0520000010728836,89999
2023-12-21 19:00:00-05:00,0.0579999983310699,0.0579999983310699,0.0579999983310699,0.0579999983310699,50000
2023-12-26 19:00:00-05:00,0.0579999983310699,0.0579999983310699,0.0579999983310699,0.0579999983310699,0
2023-12-27 19:00:00-05:00,0.0599999986588954,0.0599999986588954,0.0599999986588954,0.0599999986588954,3
2023-12-28 19:00:00-05:00,0.0630000010132789,0.0630000010132789,0.061999998986721,0.061999998986721,42137
2024-01-01 19:00:00-05:00,0.061999998986721,0.061999998986721,0.061999998986721,0.061999998986721,27860
2024-01-02 19:00:00-05:00,0.061999998986721,0.061999998986721,0.061999998986721,0.061999998986721,0
2024-01-03 19:00:00-05:00,0.061999998986721,0.061999998986721,0.061999998986721,0.061999998986721,0
2024-01-04 19:00:00-05:00,0.061999998986721,0.061999998986721,0.061999998986721,0.061999998986721,0
2024-01-07 19:00:00-05:00,0.061999998986721,0.061999998986721,0.061999998986721,0.061999998986721,0
2024-01-08 19:00:00-05:00,0.061999998986721,0.061999998986721,0.061999998986721,0.061999998986721,0
2024-01-09 19:00:00-05:00,0.061999998986721,0.061999998986721,0.061999998986721,0.061999998986721,0
2024-01-10 19:00:00-05:00,0.061999998986721,0.061999998986721,0.061999998986721,0.061999998986721,0
2024-01-11 19:00:00-05:00,0.061999998986721,0.061999998986721,0.061999998986721,0.061999998986721,0
2024-01-14 19:00:00-05:00,0.061999998986721,0.061999998986721,0.061999998986721,0.061999998986721,0
2024-01-15 19:00:00-05:00,0.061999998986721,0.061999998986721,0.061999998986721,0.061999998986721,0
2024-01-16 19:00:00-05:00,0.061999998986721,0.061999998986721,0.061999998986721,0.061999998986721,0
2024-01-17 19:00:00-05:00,0.061999998986721,0.061999998986721,0.061999998986721,0.061999998986721,0
2024-01-18 19:00:00-05:00,0.061999998986721,0.061999998986721,0.061999998986721,0.061999998986721,0
2024-01-21 19:00:00-05:00,0.061999998986721,0.061999998986721,0.061999998986721,0.061999998986721,681
2024-01-22 19:00:00-05:00,0.061999998986721,0.061999998986721,0.061999998986721,0.061999998986721,0
2024-01-23 19:00:00-05:00,0.061999998986721,0.061999998986721,0.061999998986721,0.061999998986721,0
2024-01-24 19:00:00-05:00,0.061999998986721,0.061999998986721,0.061999998986721,0.061999998986721,0
2024-01-28 19:00:00-05:00,0.061999998986721,0.061999998986721,0.061999998986721,0.061999998986721,0
2024-01-29 19:00:00-05:00,0.061999998986721,0.061999998986721,0.061999998986721,0.061999998986721,0
2024-01-30 19:00:00-05:00,0.061999998986721,0.061999998986721,0.061999998986721,0.061999998986721,0
2024-01-31 19:00:00-05:00,0.061999998986721,0.061999998986721,0.061999998986721,0.061999998986721,0
2024-02-01 19:00:00-05:00,0.0560000017285347,0.0560000017285347,0.0560000017285347,0.0560000017285347,196078
2024-02-04 19:00:00-05:00,0.0560000017285347,0.0560000017285347,0.0549999997019767,0.0549999997019767,140000
2024-02-05 19:00:00-05:00,0.0520000010728836,0.0520000010728836,0.0520000010728836,0.0520000010728836,100000
2024-02-06 19:00:00-05:00,0.0520000010728836,0.0520000010728836,0.0520000010728836,0.0520000010728836,0
2024-02-07 19:00:00-05:00,0.0520000010728836,0.0520000010728836,0.0520000010728836,0.0520000010728836,0
2024-02-08 19:00:00-05:00,0.0520000010728836,0.0520000010728836,0.0520000010728836,0.0520000010728836,0
2024-02-11 19:00:00-05:00,0.0520000010728836,0.0520000010728836,0.0520000010728836,0.0520000010728836,0
2024-02-12 19:00:00-05:00,0.0520000010728836,0.0520000010728836,0.0520000010728836,0.0520000010728836,0
2024-02-13 19:00:00-05:00,0.0520000010728836,0.0520000010728836,0.0520000010728836,0.0520000010728836,22524
2024-02-14 19:00:00-05:00,0.0520000010728836,0.0520000010728836,0.0520000010728836,0.0520000010728836,0
2024-02-15 19:00:00-05:00,0.0549999997019767,0.0549999997019767,0.0549999997019767,0.0549999997019767,27498
2024-02-18 19:00:00-05:00,0.0549999997019767,0.0549999997019767,0.0549999997019767,0.0549999997019767,0
2024-02-19 19:00:00-05:00,0.0549999997019767,0.0549999997019767,0.0549999997019767,0.0549999997019767,0
2024-02-20 19:00:00-05:00,0.0549999997019767,0.0549999997019767,0.0549999997019767,0.0549999997019767,0
2024-02-21 19:00:00-05:00,0.0549999997019767,0.0549999997019767,0.0549999997019767,0.0549999997019767,0
2024-02-22 19:00:00-05:00,0.0549999997019767,0.0549999997019767,0.0549999997019767,0.0549999997019767,58181
2024-02-25 19:00:00-05:00,0.050000000745058,0.050000000745058,0.050000000745058,0.050000000745058,664321
2024-02-26 19:00:00-05:00,0.050000000745058,0.050000000745058,0.050000000745058,0.050000000745058,0
2024-02-27 19:00:00-05:00,0.050000000745058,0.050000000745058,0.050000000745058,0.050000000745058,0
2024-02-28 19:00:00-05:00,0.0599999986588954,0.0599999986588954,0.0599999986588954,0.0599999986588954,30000
2024-02-29 19:00:00-05:00,0.0599999986588954,0.0599999986588954,0.0599999986588954,0.0599999986588954,0
2024-03-03 19:00:00-05:00,0.0599999986588954,0.0599999986588954,0.0599999986588954,0.0599999986588954,0
2024-03-04 19:00:00-05:00,0.0590000003576278,0.0590000003576278,0.0590000003576278,0.0590000003576278,50000
2024-03-05 19:00:00-05:00,0.0590000003576278,0.0590000003576278,0.0590000003576278,0.0590000003576278,0
2024-03-06 19:00:00-05:00,0.0590000003576278,0.0590000003576278,0.0590000003576278,0.0590000003576278,0
2024-03-07 19:00:00-05:00,0.0590000003576278,0.0590000003576278,0.0590000003576278,0.0590000003576278,0
2024-03-10 20:00:00-04:00,0.0590000003576278,0.0590000003576278,0.0590000003576278,0.0590000003576278,0
2024-03-11 20:00:00-04:00,0.0590000003576278,0.0590000003576278,0.0590000003576278,0.0590000003576278,0
2024-03-12 20:00:00-04:00,0.0590000003576278,0.0590000003576278,0.0590000003576278,0.0590000003576278,0
2024-03-13 20:00:00-04:00,0.0590000003576278,0.0590000003576278,0.0590000003576278,0.0590000003576278,0
2024-03-14 20:00:00-04:00,0.0590000003576278,0.0590000003576278,0.0590000003576278,0.0590000003576278,0
2024-03-17 20:00:00-04:00,0.050000000745058,0.050000000745058,0.050000000745058,0.050000000745058,20000
2024-03-18 20:00:00-04:00,0.050000000745058,0.050000000745058,0.050000000745058,0.050000000745058,0
2024-03-19 20:00:00-04:00,0.050000000745058,0.050000000745058,0.050000000745058,0.050000000745058,0
2024-03-20 20:00:00-04:00,0.050000000745058,0.050000000745058,0.050000000745058,0.050000000745058,0
2024-03-21 20:00:00-04:00,0.050000000745058,0.050000000745058,0.050000000745058,0.050000000745058,0
2024-03-24 20:00:00-04:00,0.050000000745058,0.050000000745058,0.050000000745058,0.050000000745058,63
2024-03-25 20:00:00-04:00,0.0529999993741512,0.0529999993741512,0.0529999993741512,0.0529999993741512,29701
2024-03-26 20:00:00-04:00,0.0529999993741512,0.0529999993741512,0.0529999993741512,0.0529999993741512,0
2024-03-27 20:00:00-04:00,0.0579999983310699,0.0590000003576278,0.0570000000298023,0.0590000003576278,101070
2024-04-01 20:00:00-04:00,0.0590000003576278,0.0590000003576278,0.0590000003576278,0.0590000003576278,0
2024-04-02 20:00:00-04:00,0.0590000003576278,0.0599999986588954,0.0590000003576278,0.0599999986588954,280000
2024-04-03 20:00:00-04:00,0.0599999986588954,0.0599999986588954,0.0599999986588954,0.0599999986588954,0
2024-04-04 20:00:00-04:00,0.0599999986588954,0.0599999986588954,0.0599999986588954,0.0599999986588954,0
2024-04-07 20:00:00-04:00,0.0599999986588954,0.0599999986588954,0.0599999986588954,0.0599999986588954,0
2024-04-08 20:00:00-04:00,0.0599999986588954,0.0599999986588954,0.0599999986588954,0.0599999986588954,0
2024-04-09 20:00:00-04:00,0.0599999986588954,0.0599999986588954,0.0599999986588954,0.0599999986588954,0
2024-04-10 20:00:00-04:00,0.0599999986588954,0.0599999986588954,0.0599999986588954,0.0599999986588954,30000
2024-04-11 20:00:00-04:00,0.0599999986588954,0.0599999986588954,0.0599999986588954,0.0599999986588954,0
2024-04-14 20:00:00-04:00,0.0599999986588954,0.0599999986588954,0.0599999986588954,0.0599999986588954,699822
2024-04-15 20:00:00-04:00,0.0599999986588954,0.0599999986588954,0.0599999986588954,0.0599999986588954,0
2024-04-16 20:00:00-04:00,0.0599999986588954,0.0599999986588954,0.0599999986588954,0.0599999986588954,0
2024-04-17 20:00:00-04:00,0.0529999993741512,0.0529999993741512,0.0529999993741512,0.0529999993741512,95555
2024-04-18 20:00:00-04:00,0.0529999993741512,0.0529999993741512,0.0529999993741512,0.0529999993741512,0
2024-04-21 20:00:00-04:00,0.0529999993741512,0.0529999993741512,0.0529999993741512,0.0529999993741512,35000
2024-04-22 20:00:00-04:00,0.0529999993741512,0.0529999993741512,0.0529999993741512,0.0529999993741512,0
2024-04-23 20:00:00-04:00,0.0529999993741512,0.0529999993741512,0.0529999993741512,0.0529999993741512,0
2024-04-25 20:00:00-04:00,0.0529999993741512,0.0529999993741512,0.0529999993741512,0.0529999993741512,0
2024-04-28 20:00:00-04:00,0.0529999993741512,0.0529999993741512,0.0529999993741512,0.0529999993741512,0
2024-04-29 20:00:00-04:00,0.0529999993741512,0.0529999993741512,0.0529999993741512,0.0529999993741512,0
2024-04-30 20:00:00-04:00,0.0549999997019767,0.0549999997019767,0.0549999997019767,0.0549999997019767,20000
2024-05-01 20:00:00-04:00,0.0549999997019767,0.0549999997019767,0.0549999997019767,0.0549999997019767,18174
2024-05-02 20:00:00-04:00,0.0549999997019767,0.0549999997019767,0.0549999997019767,0.0549999997019767,0
2024-05-05 20:00:00-04:00,0.0540000014007091,0.0540000014007091,0.0540000014007091,0.0540000014007091,7245
2024-05-06 20:00:00-04:00,0.0540000014007091,0.0540000014007091,0.0540000014007091,0.0540000014007091,0
2024-05-07 20:00:00-04:00,0.0540000014007091,0.0540000014007091,0.0540000014007091,0.0540000014007091,0
2024-05-08 20:00:00-04:00,0.0540000014007091,0.0540000014007091,0.0540000014007091,0.0540000014007091,0
2024-05-09 20:00:00-04:00,0.0540000014007091,0.0540000014007091,0.0540000014007091,0.0540000014007091,0
2024-05-12 20:00:00-04:00,0.0540000014007091,0.0540000014007091,0.0540000014007091,0.0540000014007091,0
2024-05-13 20:00:00-04:00,0.050000000745058,0.050000000745058,0.0450000017881393,0.050000000745058,325418
2024-05-14 20:00:00-04:00,0.050000000745058,0.050000000745058,0.050000000745058,0.050000000745058,0
2024-05-15 20:00:00-04:00,0.050000000745058,0.050000000745058,0.050000000745058,0.050000000745058,0
2024-05-16 20:00:00-04:00,0.050000000745058,0.050000000745058,0.050000000745058,0.050000000745058,0
2024-05-19 20:00:00-04:00,0.050000000745058,0.050000000745058,0.050000000745058,0.050000000745058,0
2024-05-20 20:00:00-04:00,0.0549999997019767,0.0549999997019767,0.0549999997019767,0.0549999997019767,19712
2024-05-21 20:00:00-04:00,0.0549999997019767,0.0549999997019767,0.0549999997019767,0.0549999997019767,0
2024-05-22 20:00:00-04:00,0.0549999997019767,0.0549999997019767,0.0549999997019767,0.0549999997019767,0
2024-05-23 20:00:00-04:00,0.0549999997019767,0.0549999997019767,0.0549999997019767,0.0549999997019767,0
2024-05-26 20:00:00-04:00,0.0599999986588954,0.0599999986588954,0.0599999986588954,0.0599999986588954,100000
2024-05-27 20:00:00-04:00,0.0599999986588954,0.0599999986588954,0.0599999986588954,0.0599999986588954,0
2024-05-28 20:00:00-04:00,0.0599999986588954,0.0599999986588954,0.0599999986588954,0.0599999986588954,0
2024-05-29 20:00:00-04:00,0.0599999986588954,0.0599999986588954,0.0599999986588954,0.0599999986588954,0
2024-05-30 20:00:00-04:00,0.0549999997019767,0.0549999997019767,0.0549999997019767,0.0549999997019767,1500000
2024-06-02 20:00:00-04:00,0.0549999997019767,0.0549999997019767,0.0549999997019767,0.0549999997019767,0
2024-06-03 20:00:00-04:00,0.0549999997019767,0.0549999997019767,0.0549999997019767,0.0549999997019767,0
2024-06-04 20:00:00-04:00,0.0549999997019767,0.0549999997019767,0.0549999997019767,0.0549999997019767,0
2024-06-05 20:00:00-04:00,0.0549999997019767,0.0549999997019767,0.0549999997019767,0.0549999997019767,0
2024-06-06 20:00:00-04:00,0.0599999986588954,0.0610000006854534,0.0579999983310699,0.0599999986588954,529654
2024-06-10 20:00:00-04:00,0.0700000002980232,0.0700000002980232,0.0700000002980232,0.0700000002980232,260000
2024-06-11 20:00:00-04:00,0.0700000002980232,0.0700000002980232,0.0700000002980232,0.0700000002980232,0
2024-06-12 20:00:00-04:00,0.0700000002980232,0.0700000002980232,0.0700000002980232,0.0700000002980232,0
2024-06-13 20:00:00-04:00,0.0700000002980232,0.0700000002980232,0.0700000002980232,0.0700000002980232,0
2024-06-16 20:00:00-04:00,0.0700000002980232,0.0700000002980232,0.0700000002980232,0.0700000002980232,0
2024-06-17 20:00:00-04:00,0.0700000002980232,0.0700000002980232,0.0700000002980232,0.0700000002980232,0
2024-06-18 20:00:00-04:00,0.0700000002980232,0.0700000002980232,0.0700000002980232,0.0700000002980232,0
2024-06-19 20:00:00-04:00,0.0700000002980232,0.0700000002980232,0.0700000002980232,0.0700000002980232,0
2024-06-20 20:00:00-04:00,0.0820000022649765,0.0820000022649765,0.0799999982118606,0.0799999982118606,51190
2024-06-23 20:00:00-04:00,0.0810000002384185,0.0810000002384185,0.0810000002384185,0.0810000002384185,20000
2024-06-24 20:00:00-04:00,0.0810000002384185,0.0810000002384185,0.0810000002384185,0.0810000002384185,13051
2024-06-25 20:00:00-04:00,0.0810000002384185,0.0810000002384185,0.0810000002384185,0.0810000002384185,0
2024-06-26 20:00:00-04:00,0.0810000002384185,0.0810000002384185,0.0810000002384185,0.0810000002384185,0
2024-06-27 20:00:00-04:00,0.0810000002384185,0.0810000002384185,0.0810000002384185,0.0810000002384185,0
2024-06-30 20:00:00-04:00,0.0810000002384185,0.0810000002384185,0.0810000002384185,0.0810000002384185,70000
2024-07-01 20:00:00-04:00,0.0810000002384185,0.0810000002384185,0.0810000002384185,0.0810000002384185,0
2024-07-02 20:00:00-04:00,0.0810000002384185,0.0810000002384185,0.0810000002384185,0.0810000002384185,0
2024-07-03 20:00:00-04:00,0.0799999982118606,0.0799999982118606,0.0799999982118606,0.0799999982118606,100000
2024-07-04 20:00:00-04:00,0.0799999982118606,0.0799999982118606,0.0799999982118606,0.0799999982118606,125000
2024-07-07 20:00:00-04:00,0.0799999982118606,0.0799999982118606,0.0799999982118606,0.0799999982118606,0
2024-07-08 20:00:00-04:00,0.0799999982118606,0.0799999982118606,0.0799999982118606,0.0799999982118606,450000
2024-07-09 20:00:00-04:00,0.0799999982118606,0.0799999982118606,0.0799999982118606,0.0799999982118606,42668
2024-07-10 20:00:00-04:00,0.0799999982118606,0.0799999982118606,0.0799999982118606,0.0799999982118606,50000
2024-07-11 20:00:00-04:00,0.0799999982118606,0.0799999982118606,0.0799999982118606,0.0799999982118606,0
2024-07-14 20:00:00-04:00,0.0799999982118606,0.0799999982118606,0.0799999982118606,0.0799999982118606,0
2024-07-15 20:00:00-04:00,0.0799999982118606,0.0799999982118606,0.0799999982118606,0.0799999982118606,0
2024-07-16 20:00:00-04:00,0.0799999982118606,0.0799999982118606,0.0799999982118606,0.0799999982118606,0
2024-07-17 20:00:00-04:00,0.0799999982118606,0.0799999982118606,0.0799999982118606,0.0799999982118606,0
2024-07-18 20:00:00-04:00,0.0799999982118606,0.0799999982118606,0.0799999982118606,0.0799999982118606,0
2024-07-21 20:00:00-04:00,0.0799999982118606,0.0799999982118606,0.0790000036358833,0.0790000036358833,10003
2024-07-22 20:00:00-04:00,0.0790000036358833,0.0790000036358833,0.0790000036358833,0.0790000036358833,0
2024-07-23 20:00:00-04:00,0.0790000036358833,0.0790000036358833,0.0790000036358833,0.0790000036358833,0
2024-07-24 20:00:00-04:00,0.0790000036358833,0.0790000036358833,0.0790000036358833,0.0790000036358833,0
2024-07-25 20:00:00-04:00,0.0790000036358833,0.0790000036358833,0.0790000036358833,0.0790000036358833,0
2024-07-28 20:00:00-04:00,0.0790000036358833,0.0790000036358833,0.0790000036358833,0.0790000036358833,0
2024-07-29 20:00:00-04:00,0.0790000036358833,0.0790000036358833,0.0790000036358833,0.0790000036358833,0
2024-07-30 20:00:00-04:00,0.0790000036358833,0.0790000036358833,0.0790000036358833,0.0790000036358833,0
2024-07-31 20:00:00-04:00,0.0790000036358833,0.0790000036358833,0.0790000036358833,0.0790000036358833,0
2024-08-01 20:00:00-04:00,0.0790000036358833,0.0790000036358833,0.0790000036358833,0.0790000036358833,0
2024-08-04 20:00:00-04:00,0.0790000036358833,0.0790000036358833,0.0790000036358833,0.0790000036358833,0
2024-08-05 20:00:00-04:00,0.0790000036358833,0.0790000036358833,0.0790000036358833,0.0790000036358833,0
2024-08-06 20:00:00-04:00,0.0790000036358833,0.0790000036358833,0.0790000036358833,0.0790000036358833,0
2024-08-07 20:00:00-04:00,0.0790000036358833,0.0790000036358833,0.0790000036358833,0.0790000036358833,0
2024-08-08 20:00:00-04:00,0.0790000036358833,0.0790000036358833,0.0790000036358833,0.0790000036358833,0
2024-08-11 20:00:00-04:00,0.0790000036358833,0.0790000036358833,0.0790000036358833,0.0790000036358833,0
2024-08-12 20:00:00-04:00,0.0790000036358833,0.0790000036358833,0.0790000036358833,0.0790000036358833,0
2024-08-13 20:00:00-04:00,0.0740000009536743,0.0759999975562095,0.0740000009536743,0.0759999975562095,50000
2024-08-14 20:00:00-04:00,0.0759999975562095,0.0759999975562095,0.0759999975562095,0.0759999975562095,0
2024-08-15 20:00:00-04:00,0.0759999975562095,0.0759999975562095,0.0759999975562095,0.0759999975562095,0
2024-08-18 20:00:00-04:00,0.0759999975562095,0.0759999975562095,0.0759999975562095,0.0759999975562095,0
2024-08-19 20:00:00-04:00,0.0759999975562095,0.0759999975562095,0.0759999975562095,0.0759999975562095,0
2024-08-20 20:00:00-04:00,0.0759999975562095,0.0759999975562095,0.0759999975562095,0.0759999975562095,0
2024-08-21 20:00:00-04:00,0.0759999975562095,0.0759999975562095,0.0759999975562095,0.0759999975562095,0
2024-08-22 20:00:00-04:00,0.0759999975562095,0.0759999975562095,0.0759999975562095,0.0759999975562095,0
2024-08-25 20:00:00-04:00,0.0759999975562095,0.0759999975562095,0.0759999975562095,0.0759999975562095,0
2024-08-26 20:00:00-04:00,0.0599999986588954,0.0740000009536743,0.0590000003576278,0.0740000009536743,1166761
2024-08-27 20:00:00-04:00,0.0740000009536743,0.0740000009536743,0.0740000009536743,0.0740000009536743,0
2024-08-28 20:00:00-04:00,0.0740000009536743,0.0740000009536743,0.0740000009536743,0.0740000009536743,0
2024-08-29 20:00:00-04:00,0.0599999986588954,0.0599999986588954,0.0599999986588954,0.0599999986588954,25015
2024-09-01 20:00:00-04:00,0.0599999986588954,0.0599999986588954,0.0599999986588954,0.0599999986588954,0
2024-09-02 20:00:00-04:00,0.0599999986588954,0.0599999986588954,0.0599999986588954,0.0599999986588954,0
2024-09-03 20:00:00-04:00,0.0599999986588954,0.0599999986588954,0.0599999986588954,0.0599999986588954,0
2024-09-04 20:00:00-04:00,0.0599999986588954,0.0610000006854534,0.0599999986588954,0.0610000006854534,24985
2024-09-05 20:00:00-04:00,0.0610000006854534,0.0610000006854534,0.0610000006854534,0.0610000006854534,0
2024-09-08 20:00:00-04:00,0.0610000006854534,0.0610000006854534,0.0610000006854534,0.0610000006854534,0
2024-09-09 20:00:00-04:00,0.0610000006854534,0.0610000006854534,0.0610000006854534,0.0610000006854534,0
2024-09-10 20:00:00-04:00,0.0610000006854534,0.0610000006854534,0.0610000006854534,0.0610000006854534,0
2024-09-11 20:00:00-04:00,0.0610000006854534,0.0610000006854534,0.0610000006854534,0.0610000006854534,0
2024-09-12 20:00:00-04:00,0.0610000006854534,0.0610000006854534,0.0610000006854534,0.0610000006854534,0
2024-09-15 20:00:00-04:00,0.0599999986588954,0.0630000010132789,0.0599999986588954,0.061999998986721,103134
2024-09-16 20:00:00-04:00,0.061999998986721,0.061999998986721,0.061999998986721,0.061999998986721,0
2024-09-17 20:00:00-04:00,0.061999998986721,0.061999998986721,0.061999998986721,0.061999998986721,0
2024-09-18 20:00:00-04:00,0.061999998986721,0.061999998986721,0.061999998986721,0.061999998986721,0
2024-09-19 20:00:00-04:00,0.061999998986721,0.061999998986721,0.061999998986721,0.061999998986721,0
2024-09-22 20:00:00-04:00,0.061999998986721,0.061999998986721,0.061999998986721,0.061999998986721,12133
2024-09-23 20:00:00-04:00,0.061999998986721,0.061999998986721,0.061999998986721,0.061999998986721,0
2024-09-24 20:00:00-04:00,0.061999998986721,0.061999998986721,0.061999998986721,0.061999998986721,100000
2024-09-25 20:00:00-04:00,0.061999998986721,0.061999998986721,0.061999998986721,0.061999998986721,0
2024-09-26 20:00:00-04:00,0.061999998986721,0.061999998986721,0.061999998986721,0.061999998986721,0
2024-09-29 20:00:00-04:00,0.0610000006854534,0.0630000010132789,0.0610000006854534,0.0630000010132789,170000
2024-09-30 20:00:00-04:00,0.0630000010132789,0.0630000010132789,0.0630000010132789,0.0630000010132789,0
2024-10-01 20:00:00-04:00,0.0630000010132789,0.0630000010132789,0.0630000010132789,0.0630000010132789,0
2024-10-02 20:00:00-04:00,0.0630000010132789,0.0630000010132789,0.0630000010132789,0.0630000010132789,484387
2024-10-03 20:00:00-04:00,0.0630000010132789,0.0630000010132789,0.0630000010132789,0.0630000010132789,0
2024-10-06 20:00:00-04:00,0.0630000010132789,0.0630000010132789,0.0630000010132789,0.0630000010132789,0
2024-10-07 20:00:00-04:00,0.0719999969005584,0.0729999989271164,0.0719999969005584,0.0719999969005584,57726
2024-10-08 20:00:00-04:00,0.0719999969005584,0.0719999969005584,0.0719999969005584,0.0719999969005584,0
2024-10-09 20:00:00-04:00,0.0750000029802322,0.0759999975562095,0.0750000029802322,0.0759999975562095,58423
2024-10-10 20:00:00-04:00,0.0700000002980232,0.0700000002980232,0.0700000002980232,0.0700000002980232,50078
2024-10-13 20:00:00-04:00,0.0700000002980232,0.0700000002980232,0.0700000002980232,0.0700000002980232,0
2024-10-14 20:00:00-04:00,0.0799999982118606,0.0799999982118606,0.0799999982118606,0.0799999982118606,35811
2024-10-15 20:00:00-04:00,0.0799999982118606,0.0799999982118606,0.0799999982118606,0.0799999982118606,0
2024-10-16 20:00:00-04:00,0.0890000015497207,0.0890000015497207,0.0850000008940696,0.0850000008940696,438203
2024-10-17 20:00:00-04:00,0.0850000008940696,0.0850000008940696,0.0850000008940696,0.0850000008940696,0
2024-10-20 20:00:00-04:00,0.0900000035762786,0.0900000035762786,0.0900000035762786,0.0900000035762786,50000
2024-10-21 20:00:00-04:00,0.0900000035762786,0.0900000035762786,0.0900000035762786,0.0900000035762786,0
2024-10-22 20:00:00-04:00,0.0900000035762786,0.0900000035762786,0.0900000035762786,0.0900000035762786,0
2024-10-23 20:00:00-04:00,0.0900000035762786,0.0900000035762786,0.0869999974966049,0.0869999974966049,100000
2024-10-24 20:00:00-04:00,0.0869999974966049,0.0869999974966049,0.0869999974966049,0.0869999974966049,0
2024-10-27 20:00:00-04:00,0.0869999974966049,0.0869999974966049,0.0869999974966049,0.0869999974966049,0
2024-10-28 20:00:00-04:00,0.0900000035762786,0.0900000035762786,0.0900000035762786,0.0900000035762786,50000
2024-10-29 20:00:00-04:00,0.0900000035762786,0.0900000035762786,0.0900000035762786,0.0900000035762786,0
2024-10-30 20:00:00-04:00,0.0900000035762786,0.0900000035762786,0.0900000035762786,0.0900000035762786,0
2024-10-31 20:00:00-04:00,0.0900000035762786,0.0930000022053718,0.0890000015497207,0.0930000022053718,300514
2024-11-03 19:00:00-05:00,0.0930000022053718,0.0930000022053718,0.0930000022053718,0.0930000022053718,2007
2024-11-04 19:00:00-05:00,0.0930000022053718,0.0930000022053718,0.0930000022053718,0.0930000022053718,0
2024-11-05 19:00:00-05:00,0.0930000022053718,0.0930000022053718,0.0930000022053718,0.0930000022053718,0
2024-11-06 19:00:00-05:00,0.0930000022053718,0.0930000022053718,0.0930000022053718,0.0930000022053718,0
2024-11-07 19:00:00-05:00,0.0930000022053718,0.0930000022053718,0.0930000022053718,0.0930000022053718,0
2024-11-10 19:00:00-05:00,0.0930000022053718,0.0930000022053718,0.0930000022053718,0.0930000022053718,0
2024-11-11 19:00:00-05:00,0.0930000022053718,0.0930000022053718,0.0930000022053718,0.0930000022053718,0
2024-11-12 19:00:00-05:00,0.0930000022053718,0.0930000022053718,0.0930000022053718,0.0930000022053718,0
2024-11-13 19:00:00-05:00,0.0930000022053718,0.0930000022053718,0.0930000022053718,0.0930000022053718,0
2024-11-14 19:00:00-05:00,0.0930000022053718,0.0930000022053718,0.0930000022053718,0.0930000022053718,0
2024-11-17 19:00:00-05:00,0.0930000022053718,0.0930000022053718,0.0930000022053718,0.0930000022053718,37743
2024-11-18 19:00:00-05:00,0.0930000022053718,0.0930000022053718,0.0930000022053718,0.0930000022053718,0
2024-11-19 19:00:00-05:00,0.0860000029206276,0.0860000029206276,0.0860000029206276,0.0860000029206276,40000
2024-11-20 19:00:00-05:00,0.0930000022053718,0.0930000022053718,0.0930000022053718,0.0930000022053718,50859
2024-11-21 19:00:00-05:00,0.0930000022053718,0.0930000022053718,0.0930000022053718,0.0930000022053718,0
2024-11-24 19:00:00-05:00,0.0900000035762786,0.0900000035762786,0.0850000008940696,0.0850000008940696,400000
2024-11-25 19:00:00-05:00,0.0850000008940696,0.0850000008940696,0.0850000008940696,0.0850000008940696,0
2024-11-26 19:00:00-05:00,0.0850000008940696,0.0850000008940696,0.0850000008940696,0.0850000008940696,0
2024-11-27 19:00:00-05:00,0.0850000008940696,0.0850000008940696,0.0850000008940696,0.0850000008940696,0
2024-11-28 19:00:00-05:00,0.0850000008940696,0.0850000008940696,0.0850000008940696,0.0850000008940696,0
2024-12-01 19:00:00-05:00,0.0850000008940696,0.0850000008940696,0.0850000008940696,0.0850000008940696,0
2024-12-02 19:00:00-05:00,0.0850000008940696,0.0850000008940696,0.0850000008940696,0.0850000008940696,0
2024-12-03 19:00:00-05:00,0.0850000008940696,0.0850000008940696,0.0850000008940696,0.0850000008940696,0
2024-12-04 19:00:00-05:00,0.0850000008940696,0.0850000008940696,0.0850000008940696,0.0850000008940696,50000
2024-12-05 19:00:00-05:00,0.0850000008940696,0.0850000008940696,0.0850000008940696,0.0850000008940696,0
2024-12-08 19:00:00-05:00,0.0850000008940696,0.0850000008940696,0.0850000008940696,0.0850000008940696,0
2024-12-09 19:00:00-05:00,0.0879999995231628,0.0879999995231628,0.0879999995231628,0.0879999995231628,7850
2024-12-10 19:00:00-05:00,0.0879999995231628,0.0879999995231628,0.0879999995231628,0.0879999995231628,0
2024-12-11 19:00:00-05:00,0.0879999995231628,0.0879999995231628,0.0879999995231628,0.0879999995231628,0
2024-12-12 19:00:00-05:00,0.0850000008940696,0.0850000008940696,0.0850000008940696,0.0850000008940696,7968
2024-12-15 19:00:00-05:00,0.0850000008940696,0.0850000008940696,0.0850000008940696,0.0850000008940696,0
2024-12-16 19:00:00-05:00,0.0850000008940696,0.0850000008940696,0.0850000008940696,0.0850000008940696,0
2024-12-17 19:00:00-05:00,0.0850000008940696,0.0850000008940696,0.0850000008940696,0.0850000008940696,12654
2024-12-18 19:00:00-05:00,0.0850000008940696,0.0850000008940696,0.0850000008940696,0.0850000008940696,622
2024-12-19 19:00:00-05:00,0.0850000008940696,0.0850000008940696,0.0850000008940696,0.0850000008940696,0
2024-12-22 19:00:00-05:00,0.0850000008940696,0.0850000008940696,0.0850000008940696,0.0850000008940696,0
2024-12-23 19:00:00-05:00,0.0850000008940696,0.0850000008940696,0.0850000008940696,0.0850000008940696,0
2024-12-26 19:00:00-05:00,0.0850000008940696,0.0850000008940696,0.0850000008940696,0.0850000008940696,0
2024-12-29 19:00:00-05:00,0.0850000008940696,0.0850000008940696,0.0850000008940696,0.0850000008940696,100000
2024-12-30 19:00:00-05:00,0.0850000008940696,0.0850000008940696,0.0850000008940696,0.0850000008940696,0
2025-01-01 19:00:00-05:00,0.0850000008940696,0.0850000008940696,0.0850000008940696,0.0850000008940696,0
2025-01-02 19:00:00-05:00,0.0850000008940696,0.0850000008940696,0.0850000008940696,0.0850000008940696,0
2025-01-05 19:00:00-05:00,0.0850000008940696,0.0850000008940696,0.0850000008940696,0.0850000008940696,0
2025-01-06 19:00:00-05:00,0.0850000008940696,0.0850000008940696,0.0850000008940696,0.0850000008940696,0
2025-01-07 19:00:00-05:00,0.0850000008940696,0.0850000008940696,0.0850000008940696,0.0850000008940696,36778
2025-01-08 19:00:00-05:00,0.0850000008940696,0.0850000008940696,0.0850000008940696,0.0850000008940696,0
2025-01-09 19:00:00-05:00,0.0850000008940696,0.0850000008940696,0.0850000008940696,0.0850000008940696,0
2025-01-12 19:00:00-05:00,0.0850000008940696,0.0850000008940696,0.0850000008940696,0.0850000008940696,0
2025-01-13 19:00:00-05:00,0.0850000008940696,0.0850000008940696,0.0850000008940696,0.0850000008940696,0
2025-01-14 19:00:00-05:00,0.0750000029802322,0.0750000029802322,0.0750000029802322,0.0750000029802322,30000
2025-01-15 19:00:00-05:00,0.0750000029802322,0.0750000029802322,0.0750000029802322,0.0750000029802322,0
2025-01-16 19:00:00-05:00,0.0750000029802322,0.0750000029802322,0.0750000029802322,0.0750000029802322,0
2025-01-19 19:00:00-05:00,0.0750000029802322,0.0750000029802322,0.0750000029802322,0.0750000029802322,0
2025-01-20 19:00:00-05:00,0.0750000029802322,0.0750000029802322,0.0750000029802322,0.0750000029802322,0
2025-01-21 19:00:00-05:00,0.0750000029802322,0.0750000029802322,0.0750000029802322,0.0750000029802322,0
2025-01-22 19:00:00-05:00,0.0750000029802322,0.0750000029802322,0.0750000029802322,0.0750000029802322,0
2025-01-23 19:00:00-05:00,0.0750000029802322,0.0750000029802322,0.0750000029802322,0.0750000029802322,0
2025-01-27 19:00:00-05:00,0.0750000029802322,0.0750000029802322,0.0750000029802322,0.0750000029802322,0
2025-01-28 19:00:00-05:00,0.0750000029802322,0.0750000029802322,0.0750000029802322,0.0750000029802322,0
2025-01-29 19:00:00-05:00,0.0750000029802322,0.0750000029802322,0.0750000029802322,0.0750000029802322,0
2025-01-30 19:00:00-05:00,0.0750000029802322,0.0750000029802322,0.0750000029802322,0.0750000029802322,0
2025-02-02 19:00:00-05:00,0.0850000008940696,0.0850000008940696,0.0850000008940696,0.0850000008940696,90000
2025-02-03 19:00:00-05:00,0.0850000008940696,0.0850000008940696,0.0850000008940696,0.0850000008940696,58588
2025-02-04 19:00:00-05:00,0.0850000008940696,0.0850000008940696,0.0850000008940696,0.0850000008940696,0
2025-02-05 19:00:00-05:00,0.0850000008940696,0.0850000008940696,0.0850000008940696,0.0850000008940696,0
2025-02-06 19:00:00-05:00,0.0850000008940696,0.0850000008940696,0.0850000008940696,0.0850000008940696,0
2025-02-09 19:00:00-05:00,0.0850000008940696,0.0850000008940696,0.0850000008940696,0.0850000008940696,0
2025-02-10 19:00:00-05:00,0.0850000008940696,0.0850000008940696,0.0850000008940696,0.0850000008940696,0
2025-02-11 19:00:00-05:00,0.0850000008940696,0.0850000008940696,0.0850000008940696,0.0850000008940696,0
2025-02-12 19:00:00-05:00,0.0850000008940696,0.0850000008940696,0.0850000008940696,0.0850000008940696,0
2025-02-13 19:00:00-05:00,0.0850000008940696,0.0850000008940696,0.0850000008940696,0.0850000008940696,0
2025-02-16 19:00:00-05:00,0.0850000008940696,0.0850000008940696,0.0850000008940696,0.0850000008940696,0
2025-02-17 19:00:00-05:00,0.0850000008940696,0.0850000008940696,0.0850000008940696,0.0850000008940696,0
2025-02-18 19:00:00-05:00,0.0850000008940696,0.0850000008940696,0.0850000008940696,0.0850000008940696,0
2025-02-19 19:00:00-05:00,0.0850000008940696,0.0850000008940696,0.0850000008940696,0.0850000008940696,0
2025-02-20 19:00:00-05:00,0.0850000008940696,0.0850000008940696,0.0850000008940696,0.0850000008940696,11000
2025-02-23 19:00:00-05:00,0.0850000008940696,0.0850000008940696,0.0850000008940696,0.0850000008940696,0
2025-02-24 19:00:00-05:00,0.0850000008940696,0.0850000008940696,0.0850000008940696,0.0850000008940696,0
2025-02-25 19:00:00-05:00,0.0850000008940696,0.0850000008940696,0.0850000008940696,0.0850000008940696,0
2025-02-26 19:00:00-05:00,0.0850000008940696,0.0850000008940696,0.0850000008940696,0.0850000008940696,0
2025-02-27 19:00:00-05:00,0.0850000008940696,0.0850000008940696,0.0850000008940696,0.0850000008940696,0
2025-03-02 19:00:00-05:00,0.0850000008940696,0.0850000008940696,0.0850000008940696,0.0850000008940696,0
2025-03-03 19:00:00-05:00,0.0759999975562095,0.0759999975562095,0.0759999975562095,0.0759999975562095,34231
2025-03-04 19:00:00-05:00,0.0750000029802322,0.0750000029802322,0.0750000029802322,0.0750000029802322,12158
2025-03-05 19:00:00-05:00,0.0750000029802322,0.0750000029802322,0.0750000029802322,0.0750000029802322,0
2025-03-06 19:00:00-05:00,0.0750000029802322,0.0750000029802322,0.0750000029802322,0.0750000029802322,11000
2025-03-09 20:00:00-04:00,0.0750000029802322,0.0750000029802322,0.0750000029802322,0.0750000029802322,8929
2025-03-10 20:00:00-04:00,0.0750000029802322,0.0750000029802322,0.0750000029802322,0.0750000029802322,0
2025-03-11 20:00:00-04:00,0.0750000029802322,0.0750000029802322,0.0750000029802322,0.0750000029802322,0
2025-03-12 20:00:00-04:00,0.0750000029802322,0.0750000029802322,0.0750000029802322,0.0750000029802322,0
2025-03-13 20:00:00-04:00,0.0750000029802322,0.0750000029802322,0.0750000029802322,0.0750000029802322,0
2025-03-16 20:00:00-04:00,0.0750000029802322,0.0750000029802322,0.0750000029802322,0.0750000029802322,0
2025-03-17 20:00:00-04:00,0.0750000029802322,0.0750000029802322,0.0750000029802322,0.0750000029802322,4095
2025-03-18 20:00:00-04:00,0.0750000029802322,0.0750000029802322,0.0750000029802322,0.0750000029802322,23412
2025-03-19 20:00:00-04:00,0.0750000029802322,0.0750000029802322,0.0750000029802322,0.0750000029802322,0
2025-03-20 20:00:00-04:00,0.0750000029802322,0.0750000029802322,0.0750000029802322,0.0750000029802322,0
2025-03-23 20:00:00-04:00,0.0750000029802322,0.0750000029802322,0.0750000029802322,0.0750000029802322,0
2025-03-24 20:00:00-04:00,0.0750000029802322,0.0750000029802322,0.0750000029802322,0.0750000029802322,0
2025-03-25 20:00:00-04:00,0.0750000029802322,0.0750000029802322,0.0750000029802322,0.0750000029802322,0
2025-03-26 20:00:00-04:00,0.0750000029802322,0.0750000029802322,0.0750000029802322,0.0750000029802322,0
2025-03-27 20:00:00-04:00,0.0750000029802322,0.0750000029802322,0.0750000029802322,0.0750000029802322,0
2025-03-30 20:00:00-04:00,0.0750000029802322,0.0750000029802322,0.0750000029802322,0.0750000029802322,0
2025-03-31 20:00:00-04:00,0.0750000029802322,0.0750000029802322,0.0750000029802322,0.0750000029802322,0
2025-04-01 20:00:00-04:00,0.0750000029802322,0.0750000029802322,0.0750000029802322,0.0750000029802322,0
2025-04-02 20:00:00-04:00,0.0750000029802322,0.0750000029802322,0.0750000029802322,0.0750000029802322,0
2025-04-03 20:00:00-04:00,0.0750000029802322,0.0750000029802322,0.0750000029802322,0.0750000029802322,0
2025-04-06 20:00:00-04:00,0.0750000029802322,0.0750000029802322,0.0750000029802322,0.0750000029802322,0
2025-04-07 20:00:00-04:00,0.0750000029802322,0.0750000029802322,0.0750000029802322,0.0750000029802322,0
2025-04-08 20:00:00-04:00,0.0750000029802322,0.0750000029802322,0.0750000029802322,0.0750000029802322,0
2025-04-09 20:00:00-04:00,0.0750000029802322,0.0750000029802322,0.0750000029802322,0.0750000029802322,0
2025-04-10 20:00:00-04:00,0.0750000029802322,0.0750000029802322,0.0750000029802322,0.0750000029802322,0
2025-04-13 20:00:00-04:00,0.0750000029802322,0.0750000029802322,0.0750000029802322,0.0750000029802322,0
2025-04-14 20:00:00-04:00,0.0750000029802322,0.0750000029802322,0.0750000029802322,0.0750000029802322,0
2025-04-15 20:00:00-04:00,0.0750000029802322,0.0750000029802322,0.0750000029802322,0.0750000029802322,0
2025-04-16 20:00:00-04:00,0.0750000029802322,0.0750000029802322,0.0750000029802322,0.0750000029802322,0
2025-04-21 20:00:00-04:00,0.0750000029802322,0.0750000029802322,0.0750000029802322,0.0750000029802322,0
2025-04-22 20:00:00-04:00,0.0750000029802322,0.0750000029802322,0.0750000029802322,0.0750000029802322,0
2025-04-23 20:00:00-04:00,0.0750000029802322,0.0750000029802322,0.0750000029802322,0.0750000029802322,0
2025-04-27 20:00:00-04:00,0.0750000029802322,0.0750000029802322,0.0750000029802322,0.0750000029802322,0
2025-04-28 20:00:00-04:00,0.0750000029802322,0.0750000029802322,0.0750000029802322,0.0750000029802322,0
2025-04-29 20:00:00-04:00,0.0750000029802322,0.0750000029802322,0.0750000029802322,0.0750000029802322,0
2025-04-30 20:00:00-04:00,0.0599999986588954,0.0599999986588954,0.0590000003576278,0.0599999986588954,113983
2025-05-01 20:00:00-04:00,0.0599999986588954,0.0599999986588954,0.0599999986588954,0.0599999986588954,0
2025-05-04 20:00:00-04:00,0.0599999986588954,0.0599999986588954,0.0599999986588954,0.0599999986588954,0
2025-05-05 20:00:00-04:00,0.0599999986588954,0.0599999986588954,0.0599999986588954,0.0599999986588954,0
2025-05-06 20:00:00-04:00,0.0599999986588954,0.0599999986588954,0.0599999986588954,0.0599999986588954,0
2025-05-07 20:00:00-04:00,0.0599999986588954,0.0599999986588954,0.0599999986588954,0.0599999986588954,0
2025-05-08 20:00:00-04:00,0.0599999986588954,0.0599999986588954,0.0599999986588954,0.0599999986588954,0
2025-05-11 20:00:00-04:00,0.0599999986588954,0.0599999986588954,0.0599999986588954,0.0599999986588954,0
2025-05-12 20:00:00-04:00,0.0599999986588954,0.0599999986588954,0.0599999986588954,0.0599999986588954,0
2025-05-13 20:00:00-04:00,0.0599999986588954,0.0599999986588954,0.0599999986588954,0.0599999986588954,0
2025-05-14 20:00:00-04:00,0.0599999986588954,0.0599999986588954,0.0599999986588954,0.0599999986588954,0
2025-05-15 20:00:00-04:00,0.0599999986588954,0.0599999986588954,0.0599999986588954,0.0599999986588954,0
2025-05-18 20:00:00-04:00,0.0469999983906745,0.0469999983906745,0.0469999983906745,0.0469999983906745,30500
2025-05-19 20:00:00-04:00,0.0549999997019767,0.0549999997019767,0.0430000014603138,0.0430000014603138,149355
2025-05-20 20:00:00-04:00,0.0410000011324882,0.0410000011324882,0.0410000011324882,0.0410000011324882,645
2025-05-21 20:00:00-04:00,0.0460000000894069,0.0460000000894069,0.0460000000894069,0.0460000000894069,6111
2025-05-22 20:00:00-04:00,0.0460000000894069,0.0460000000894069,0.0460000000894069,0.0460000000894069,0
2025-05-25 20:00:00-04:00,0.0460000000894069,0.0460000000894069,0.0460000000894069,0.0460000000894069,0
2025-05-26 20:00:00-04:00,0.0460000000894069,0.0460000000894069,0.0460000000894069,0.0460000000894069,0
2025-05-27 20:00:00-04:00,0.0560000017285347,0.0560000017285347,0.0560000017285347,0.0560000017285347,40000
2025-05-28 20:00:00-04:00,0.0560000017285347,0.0560000017285347,0.0560000017285347,0.0560000017285347,0
2025-05-29 20:00:00-04:00,0.0579999983310699,0.0579999983310699,0.0579999983310699,0.0579999983310699,100000
2025-06-01 20:00:00-04:00,0.0579999983310699,0.0579999983310699,0.0579999983310699,0.0579999983310699,0
2025-06-02 20:00:00-04:00,0.0579999983310699,0.0579999983310699,0.0579999983310699,0.0579999983310699,0
2025-06-03 20:00:00-04:00,0.0570000000298023,0.0570000000298023,0.0489999987185001,0.050000000745058,162281
2025-06-04 20:00:00-04:00,0.050000000745058,0.050000000745058,0.050000000745058,0.050000000745058,0
2025-06-05 20:00:00-04:00,0.0590000003576278,0.0599999986588954,0.0579999983310699,0.0590000003576278,165623
2025-06-09 20:00:00-04:00,0.0590000003576278,0.0590000003576278,0.0590000003576278,0.0590000003576278,0
2025-06-10 20:00:00-04:00,0.0590000003576278,0.0590000003576278,0.0590000003576278,0.0590000003576278,0
2025-06-11 20:00:00-04:00,0.0590000003576278,0.0590000003576278,0.0590000003576278,0.0590000003576278,0
2025-06-12 20:00:00-04:00,0.0590000003576278,0.0590000003576278,0.0590000003576278,0.0590000003576278,20389
2025-06-15 20:00:00-04:00,0.0599999986588954,0.0599999986588954,0.0590000003576278,0.0599999986588954,251240
2025-06-16 20:00:00-04:00,0.0590000003576278,0.0590000003576278,0.0590000003576278,0.0590000003576278,152262
2025-06-17 20:00:00-04:00,0.0599999986588954,0.0599999986588954,0.0599999986588954,0.0599999986588954,129903
2025-06-18 20:00:00-04:00,0.0599999986588954,0.0599999986588954,0.0599999986588954,0.0599999986588954,0
2025-06-19 20:00:00-04:00,0.0610000006854534,0.0610000006854534,0.0610000006854534,0.0610000006854534,95000
2025-06-22 20:00:00-04:00,0.0610000006854534,0.0610000006854534,0.0610000006854534,0.0610000006854534,15496
2025-06-23 20:00:00-04:00,0.0610000006854534,0.0610000006854534,0.0610000006854534,0.0610000006854534,0
2025-06-24 20:00:00-04:00,0.0610000006854534,0.0610000006854534,0.0610000006854534,0.0610000006854534,0
2025-06-25 20:00:00-04:00,0.0640000030398368,0.0640000030398368,0.0640000030398368,0.0640000030398368,25000
2025-06-26 20:00:00-04:00,0.0640000030398368,0.0640000030398368,0.0640000030398368,0.0640000030398368,0
2025-06-29 20:00:00-04:00,0.0640000030398368,0.0640000030398368,0.0640000030398368,0.0640000030398368,0
2025-06-30 20:00:00-04:00,0.0640000030398368,0.0640000030398368,0.0640000030398368,0.0640000030398368,0
2025-07-01 20:00:00-04:00,0.0640000030398368,0.0640000030398368,0.0640000030398368,0.0640000030398368,0
2025-07-02 20:00:00-04:00,0.0640000030398368,0.0640000030398368,0.0640000030398368,0.0640000030398368,0
2025-07-03 20:00:00-04:00,0.0640000030398368,0.0640000030398368,0.0640000030398368,0.0640000030398368,0
2025-07-06 20:00:00-04:00,0.0640000030398368,0.0640000030398368,0.0640000030398368,0.0640000030398368,0
2025-07-07 20:00:00-04:00,0.0640000030398368,0.0640000030398368,0.0640000030398368,0.0640000030398368,0
2025-07-08 20:00:00-04:00,0.0640000030398368,0.0640000030398368,0.0640000030398368,0.0640000030398368,0
2025-07-09 20:00:00-04:00,0.0640000030398368,0.0640000030398368,0.0640000030398368,0.0640000030398368,0
2025-07-10 20:00:00-04:00,0.0640000030398368,0.0640000030398368,0.0640000030398368,0.0640000030398368,0
2025-07-13 20:00:00-04:00,0.0680000036954879,0.0710000023245811,0.06700000166893,0.0710000023245811,308755
2025-07-14 20:00:00-04:00,0.0680000036954879,0.0680000036954879,0.0680000036954879,0.0680000036954879,20000
2025-07-15 20:00:00-04:00,0.0680000036954879,0.0680000036954879,0.0680000036954879,0.0680000036954879,0
2025-07-16 20:00:00-04:00,0.0680000036954879,0.0680000036954879,0.0680000036954879,0.0680000036954879,0
2025-07-17 20:00:00-04:00,0.0680000036954879,0.0680000036954879,0.0680000036954879,0.0680000036954879,0
2025-07-20 20:00:00-04:00,0.0680000036954879,0.0680000036954879,0.0680000036954879,0.0680000036954879,0
2025-07-21 20:00:00-04:00,0.0680000036954879,0.0680000036954879,0.0680000036954879,0.0680000036954879,0
2025-07-22 20:00:00-04:00,0.0680000036954879,0.0680000036954879,0.0680000036954879,0.0680000036954879,0
2025-07-23 20:00:00-04:00,0.0680000036954879,0.0680000036954879,0.0680000036954879,0.0680000036954879,0
2025-07-24 20:00:00-04:00,0.0680000036954879,0.0680000036954879,0.0680000036954879,0.0680000036954879,0
2025-07-27 20:00:00-04:00,0.0680000036954879,0.0680000036954879,0.0680000036954879,0.0680000036954879,0
2025-07-28 20:00:00-04:00,0.0680000036954879,0.0680000036954879,0.0680000036954879,0.0680000036954879,0
2025-07-29 20:00:00-04:00,0.0680000036954879,0.0680000036954879,0.0680000036954879,0.0680000036954879,0
2025-07-30 20:00:00-04:00,0.0680000036954879,0.0680000036954879,0.0680000036954879,0.0680000036954879,0
2025-07-31 20:00:00-04:00,0.0689999982714653,0.0689999982714653,0.0689999982714653,0.0689999982714653,3
2025-08-03 20:00:00-04:00,0.0649999976158142,0.0649999976158142,0.0630000010132789,0.0630000010132789,18295
2025-08-04 20:00:00-04:00,0.0599999986588954,0.0630000010132789,0.0599999986588954,0.0630000010132789,1842975
2025-08-05 20:00:00-04:00,0.0630000010132789,0.0630000010132789,0.0630000010132789,0.0630000010132789,0
2025-08-06 20:00:00-04:00,0.0630000010132789,0.0630000010132789,0.0630000010132789,0.0630000010132789,0
2025-08-07 20:00:00-04:00,0.0630000010132789,0.0630000010132789,0.0630000010132789,0.0630000010132789,0
2025-08-10 20:00:00-04:00,0.0630000010132789,0.0630000010132789,0.0630000010132789,0.0630000010132789,0
2025-08-11 20:00:00-04:00,0.0630000010132789,0.0630000010132789,0.0630000010132789,0.0630000010132789,0
2025-08-12 20:00:00-04:00,0.0630000010132789,0.0630000010132789,0.0630000010132789,0.0630000010132789,0
2025-08-13 20:00:00-04:00,0.0630000010132789,0.0630000010132789,0.0630000010132789,0.0630000010132789,0
2025-08-14 20:00:00-04:00,0.0630000010132789,0.0630000010132789,0.0630000010132789,0.0630000010132789,0
2025-08-17 20:00:00-04:00,0.061999998986721,0.0630000010132789,0.061999998986721,0.0630000010132789,104997
2025-08-18 20:00:00-04:00,0.0630000010132789,0.0630000010132789,0.0630000010132789,0.0630000010132789,51213
2025-08-19 20:00:00-04:00,0.0630000010132789,0.0630000010132789,0.0630000010132789,0.0630000010132789,0
2025-08-20 20:00:00-04:00,0.0640000030398368,0.0640000030398368,0.0630000010132789,0.0640000030398368,125907
2025-08-21 20:00:00-04:00,0.0640000030398368,0.0640000030398368,0.0640000030398368,0.0640000030398368,0
2025-08-24 20:00:00-04:00,0.0640000030398368,0.0640000030398368,0.0640000030398368,0.0640000030398368,0
2025-08-25 20:00:00-04:00,0.0640000030398368,0.0640000030398368,0.0640000030398368,0.0640000030398368,0
2025-08-26 20:00:00-04:00,0.0590000003576278,0.0680000036954879,0.0590000003576278,0.0680000036954879,140903
2025-08-27 20:00:00-04:00,0.0680000036954879,0.0680000036954879,0.0680000036954879,0.0680000036954879,0
2025-08-28 20:00:00-04:00,0.0680000036954879,0.0680000036954879,0.0680000036954879,0.0680000036954879,0
2025-08-31 20:00:00-04:00,0.0680000036954879,0.0680000036954879,0.0680000036954879,0.0680000036954879,46665
2025-09-01 20:00:00-04:00,0.0680000036954879,0.0680000036954879,0.0680000036954879,0.0680000036954879,3350
2025-09-02 20:00:00-04:00,0.0680000036954879,0.0680000036954879,0.0680000036954879,0.0680000036954879,0
2025-09-03 20:00:00-04:00,0.0599999986588954,0.0599999986588954,0.0599999986588954,0.0599999986588954,100000
2025-09-04 20:00:00-04:00,0.0599999986588954,0.0599999986588954,0.0599999986588954,0.0599999986588954,0
2025-09-07 20:00:00-04:00,0.0599999986588954,0.0599999986588954,0.0599999986588954,0.0599999986588954,0
2025-09-08 20:00:00-04:00,0.0599999986588954,0.0599999986588954,0.0599999986588954,0.0599999986588954,0
2025-09-09 20:00:00-04:00,0.0599999986588954,0.0599999986588954,0.0599999986588954,0.0599999986588954,0
2025-09-10 20:00:00-04:00,0.0599999986588954,0.0599999986588954,0.0599999986588954,0.0599999986588954,0
2025-09-11 20:00:00-04:00,0.0599999986588954,0.0599999986588954,0.0599999986588954,0.0599999986588954,0
2025-09-14 20:00:00-04:00,0.0599999986588954,0.0599999986588954,0.0599999986588954,0.0599999986588954,62875
2025-09-15 20:00:00-04:00,0.0599999986588954,0.0610000006854534,0.0599999986588954,0.0610000006854534,16784
2025-09-16 20:00:00-04:00,0.0610000006854534,0.0610000006854534,0.0610000006854534,0.0610000006854534,0
2025-09-17 20:00:00-04:00,0.0610000006854534,0.0610000006854534,0.0610000006854534,0.0610000006854534,0
2025-09-18 20:00:00-04:00,0.0610000006854534,0.0610000006854534,0.0610000006854534,0.0610000006854534,0
2025-09-21 20:00:00-04:00,0.0610000006854534,0.0610000006854534,0.0610000006854534,0.0610000006854534,0
2025-09-22 20:00:00-04:00,0.0610000006854534,0.0610000006854534,0.0610000006854534,0.0610000006854534,0
2025-09-23 20:00:00-04:00,0.0599999986588954,0.0610000006854534,0.0599999986588954,0.0610000006854534,111959
2025-09-24 20:00:00-04:00,0.0610000006854534,0.0610000006854534,0.0599999986588954,0.0599999986588954,147052
2025-09-25 20:00:00-04:00,0.0599999986588954,0.0599999986588954,0.0599999986588954,0.0599999986588954,0
2025-09-28 20:00:00-04:00,0.0599999986588954,0.0599999986588954,0.0599999986588954,0.0599999986588954,100000
2025-09-29 20:00:00-04:00,0.0599999986588954,0.0599999986588954,0.0599999986588954,0.0599999986588954,0
2025-09-30 20:00:00-04:00,0.0599999986588954,0.0599999986588954,0.0599999986588954,0.0599999986588954,0
2025-10-01 20:00:00-04:00,0.0599999986588954,0.0599999986588954,0.0599999986588954,0.0599999986588954,162793
2025-10-02 20:00:00-04:00,0.0599999986588954,0.0599999986588954,0.0599999986588954,0.0599999986588954,93867
2025-10-05 20:00:00-04:00,0.0599999986588954,0.0599999986588954,0.0599999986588954,0.0599999986588954,0
2025-10-06 20:00:00-04:00,0.0599999986588954,0.0599999986588954,0.0599999986588954,0.0599999986588954,0
2025-10-07 20:00:00-04:00,0.0599999986588954,0.0599999986588954,0.0599999986588954,0.0599999986588954,0
2025-10-08 20:00:00-04:00,0.0599999986588954,0.0599999986588954,0.0599999986588954,0.0599999986588954,0
2025-10-09 20:00:00-04:00,0.0549999997019767,0.0549999997019767,0.0549999997019767,0.0549999997019767,10000
2025-10-12 20:00:00-04:00,0.0549999997019767,0.0549999997019767,0.0549999997019767,0.0549999997019767,0
2025-10-13 20:00:00-04:00,0.0549999997019767,0.0549999997019767,0.0549999997019767,0.0549999997019767,0
2025-10-14 20:00:00-04:00,0.0599999986588954,0.0599999986588954,0.0599999986588954,0.0599999986588954,20000
2025-10-15 20:00:00-04:00,0.0599999986588954,0.0599999986588954,0.0599999986588954,0.0599999986588954,0
2025-10-16 20:00:00-04:00,0.0599999986588954,0.0599999986588954,0.0560000017285347,0.0560000017285347,9000
2025-10-19 20:00:00-04:00,0.0599999986588954,0.0599999986588954,0.0599999986588954,0.0599999986588954,100000
2025-10-20 20:00:00-04:00,0.0599999986588954,0.0599999986588954,0.0599999986588954,0.0599999986588954,0
2025-10-21 20:00:00-04:00,0.0599999986588954,0.0599999986588954,0.0599999986588954,0.0599999986588954,0
2025-10-22 20:00:00-04:00,0.0599999986588954,0.0599999986588954,0.0599999986588954,0.0599999986588954,0
2025-10-23 20:00:00-04:00,0.0599999986588954,0.0599999986588954,0.0599999986588954,0.0599999986588954,0
2025-10-26 20:00:00-04:00,0.0599999986588954,0.0599999986588954,0.0599999986588954,0.0599999986588954,0
2025-10-27 20:00:00-04:00,0.0599999986588954,0.0599999986588954,0.0599999986588954,0.0599999986588954,0
2025-10-28 20:00:00-04:00,0.0599999986588954,0.0599999986588954,0.0599999986588954,0.0599999986588954,0
2025-10-29 20:00:00-04:00,0.0599999986588954,0.0599999986588954,0.0599999986588954,0.0599999986588954,0
2025-10-30 20:00:00-04:00,0.0599999986588954,0.0599999986588954,0.0599999986588954,0.0599999986588954,0
2025-11-02 19:00:00-05:00,0.0599999986588954,0.0599999986588954,0.0599999986588954,0.0599999986588954,0
2025-11-03 19:00:00-05:00,0.0599999986588954,0.0599999986588954,0.0599999986588954,0.0599999986588954,0
2025-11-04 19:00:00-05:00,0.0599999986588954,0.0599999986588954,0.0599999986588954,0.0599999986588954,0
2025-11-05 19:00:00-05:00,0.0599999986588954,0.0599999986588954,0.0599999986588954,0.0599999986588954,0
2025-11-06 19:00:00-05:00,0.0599999986588954,0.0599999986588954,0.0599999986588954,0.0599999986588954,98278
2025-11-09 19:00:00-05:00,0.0599999986588954,0.0599999986588954,0.0599999986588954,0.0599999986588954,0
2025-11-10 19:00:00-05:00,0.0599999986588954,0.0599999986588954,0.0599999986588954,0.0599999986588954,0
2025-11-11 19:00:00-05:00,0.0599999986588954,0.0599999986588954,0.0599999986588954,0.0599999986588954,0
2025-11-12 19:00:00-05:00,0.0599999986588954,0.0599999986588954,0.0599999986588954,0.0599999986588954,0
2025-11-13 19:00:00-05:00,0.0599999986588954,0.0599999986588954,0.0599999986588954,0.0599999986588954,0
2025-11-16 19:00:00-05:00,0.0599999986588954,0.0599999986588954,0.0579999983310699,0.0579999983310699,231891
2025-11-17 19:00:00-05:00,0.0579999983310699,0.0579999983310699,0.0579999983310699,0.0579999983310699,0
2025-11-18 19:00:00-05:00,0.0579999983310699,0.0579999983310699,0.0579999983310699,0.0579999983310699,0
2025-11-19 19:00:00-05:00,0.0579999983310699,0.0579999983310699,0.0579999983310699,0.0579999983310699,0
2025-11-20 19:00:00-05:00,0.0579999983310699,0.0579999983310699,0.0579999983310699,0.0579999983310699,0
2025-11-23 19:00:00-05:00,0.0579999983310699,0.0579999983310699,0.0579999983310699,0.0579999983310699,0
2025-11-24 19:00:00-05:00,0.0599999986588954,0.0599999986588954,0.0590000003576278,0.0599999986588954,26500
2025-11-25 19:00:00-05:00,0.0590000003576278,0.0599999986588954,0.0560000017285347,0.0579999983310699,947100
2025-11-26 19:00:00-05:00,0.0579999983310699,0.0579999983310699,0.0579999983310699,0.0579999983310699,32966
2025-11-27 19:00:00-05:00,0.0579999983310699,0.0579999983310699,0.0579999983310699,0.0579999983310699,0
2025-11-30 19:00:00-05:00,0.0579999983310699,0.0579999983310699,0.0579999983310699,0.0579999983310699,0
2025-12-01 19:00:00-05:00,0.0590000003576278,0.0590000003576278,0.0570000000298023,0.0590000003576278,216499
2025-12-02 19:00:00-05:00,0.0570000000298023,0.0570000000298023,0.0560000017285347,0.0560000017285347,117500
2025-12-03 19:00:00-05:00,0.0560000017285347,0.0560000017285347,0.0560000017285347,0.0560000017285347,98966
2025-12-04 19:00:00-05:00,0.0560000017285347,0.0560000017285347,0.0560000017285347,0.0560000017285347,0
2025-12-07 19:00:00-05:00,0.0560000017285347,0.0560000017285347,0.0560000017285347,0.0560000017285347,0
2025-12-08 19:00:00-05:00,0.0560000017285347,0.0560000017285347,0.0560000017285347,0.0560000017285347,0
2025-12-09 19:00:00-05:00,0.0560000017285347,0.0560000017285347,0.0560000017285347,0.0560000017285347,0
2025-12-10 19:00:00-05:00,0.0560000017285347,0.0560000017285347,0.0560000017285347,0.0560000017285347,0
2025-12-11 19:00:00-05:00,0.0560000017285347,0.0560000017285347,0.0560000017285347,0.0560000017285347,0
2025-12-14 19:00:00-05:00,0.0599999986588954,0.0599999986588954,0.0590000003576278,0.0599999986588954,88581
2025-12-15 19:00:00-05:00,0.0570000000298023,0.0570000000298023,0.0540000014007091,0.0540000014007091,882890
2025-12-16 19:00:00-05:00,0.0540000014007091,0.0540000014007091,0.0540000014007091,0.0540000014007091,0
2025-12-17 19:00:00-05:00,0.0540000014007091,0.0540000014007091,0.0540000014007091,0.0540000014007091,0
2025-12-18 19:00:00-05:00,0.0540000014007091,0.0540000014007091,0.0540000014007091,0.0540000014007091,0
2025-12-21 19:00:00-05:00,0.0540000014007091,0.0540000014007091,0.0540000014007091,0.0540000014007091,0
2025-12-22 19:00:00-05:00,0.0540000014007091,0.0540000014007091,0.0540000014007091,0.0540000014007091,0
2025-12-23 19:00:00-05:00,0.0540000014007091,0.0540000014007091,0.0540000014007091,0.0540000014007091,0
2025-12-28 19:00:00-05:00,0.0540000014007091,0.0540000014007091,0.0540000014007091,0.0540000014007091,0
2025-12-29 19:00:00-05:00,0.0610000006854534,0.0610000006854534,0.0610000006854534,0.0610000006854534,73874
2025-12-30 19:00:00-05:00,0.0610000006854534,0.0610000006854534,0.0610000006854534,0.0610000006854534,0
2026-01-01 19:00:00-05:00,0.0610000006854534,0.0610000006854534,0.0610000006854534,0.0610000006854534,0
2026-01-04 19:00:00-05:00,0.0610000006854534,0.0610000006854534,0.0610000006854534,0.0610000006854534,0
2026-01-05 19:00:00-05:00,0.0610000006854534,0.0610000006854534,0.0610000006854534,0.0610000006854534,0
2026-01-06 19:00:00-05:00,0.0610000006854534,0.0610000006854534,0.0610000006854534,0.0610000006854534,0
2026-01-07 19:00:00-05:00,0.0610000006854534,0.0610000006854534,0.0610000006854534,0.0610000006854534,0
2026-01-08 19:00:00-05:00,0.0610000006854534,0.0610000006854534,0.0610000006854534,0.0610000006854534,0
2026-01-11 19:00:00-05:00,0.0610000006854534,0.0610000006854534,0.0610000006854534,0.0610000006854534,0
2026-01-12 19:00:00-05:00,0.0610000006854534,0.0610000006854534,0.0610000006854534,0.0610000006854534,0
2026-01-13 19:00:00-05:00,0.0630000010132789,0.0630000010132789,0.0630000010132789,0.0630000010132789,26126
2026-01-14 19:00:00-05:00,0.0630000010132789,0.0630000010132789,0.0630000010132789,0.0630000010132789,0
2026-01-15 19:00:00-05:00,0.0599999986588954,0.0599999986588954,0.0599999986588954,0.0599999986588954,8350
2026-01-18 19:00:00-05:00,0.0599999986588954,0.0599999986588954,0.0599999986588954,0.0599999986588954,0
2026-01-19 19:00:00-05:00,0.0599999986588954,0.0599999986588954,0.0599999986588954,0.0599999986588954,0
2026-01-20 19:00:00-05:00,0.0599999986588954,0.0599999986588954,0.0599999986588954,0.0599999986588954,0
2026-01-21 19:00:00-05:00,0.0599999986588954,0.0599999986588954,0.0599999986588954,0.0599999986588954,0
2026-01-22 19:00:00-05:00,0.0599999986588954,0.0599999986588954,0.0599999986588954,0.0599999986588954,0
2026-01-26 19:00:00-05:00,0.0599999986588954,0.0599999986588954,0.0599999986588954,0.0599999986588954,0
2026-01-27 19:00:00-05:00,0.0599999986588954,0.0599999986588954,0.0599999986588954,0.0599999986588954,0
2026-01-28 19:00:00-05:00,0.0599999986588954,0.0599999986588954,0.0599999986588954,0.0599999986588954,0
2026-01-29 19:00:00-05:00,0.0599999986588954,0.0599999986588954,0.0599999986588954,0.0599999986588954,0
2026-02-01 19:00:00-05:00,0.0599999986588954,0.0599999986588954,0.0599999986588954,0.0599999986588954,0
2026-02-02 19:00:00-05:00,0.0599999986588954,0.0599999986588954,0.0599999986588954,0.0599999986588954,0
2026-02-03 19:00:00-05:00,0.0599999986588954,0.0599999986588954,0.0599999986588954,0.0599999986588954,0
2026-02-04 19:00:00-05:00,0.0599999986588954,0.0599999986588954,0.0599999986588954,0.0599999986588954,0
2026-02-05 19:00:00-05:00,0.0599999986588954,0.0599999986588954,0.0599999986588954,0.0599999986588954,0
2026-02-08 19:00:00-05:00,0.0599999986588954,0.0599999986588954,0.0599999986588954,0.0599999986588954,0
2026-02-09 19:00:00-05:00,0.0599999986588954,0.0599999986588954,0.0599999986588954,0.0599999986588954,0
2026-02-10 19:00:00-05:00,0.0599999986588954,0.0599999986588954,0.0599999986588954,0.0599999986588954,10000
2026-02-11 19:00:00-05:00,0.0599999986588954,0.0599999986588954,0.0599999986588954,0.0599999986588954,0
2026-02-12 19:00:00-05:00,0.0599999986588954,0.0599999986588954,0.0599999986588954,0.0599999986588954,0
2026-02-15 19:00:00-05:00,0.0549999997019767,0.0549999997019767,0.0549999997019767,0.0549999997019767,8350
2026-02-16 19:00:00-05:00,0.0540000014007091,0.0540000014007091,0.0529999993741512,0.0540000014007091,272781
2026-02-17 19:00:00-05:00,0.0540000014007091,0.0540000014007091,0.0540000014007091,0.0540000014007091,0
2026-02-18 19:00:00-05:00,0.0540000014007091,0.0540000014007091,0.0540000014007091,0.0540000014007091,0
2026-02-19 19:00:00-05:00,0.0540000014007091,0.0540000014007091,0.0540000014007091,0.0540000014007091,0
2026-02-22 19:00:00-05:00,0.0540000014007091,0.0540000014007091,0.0540000014007091,0.0540000014007091,0
2026-02-23 19:00:00-05:00,0.0540000014007091,0.0540000014007091,0.0540000014007091,0.0540000014007091,0
2026-02-24 19:00:00-05:00,0.0540000014007091,0.0540000014007091,0.0540000014007091,0.0540000014007091,0
2026-02-25 19:00:00-05:00,0.0540000014007091,0.0540000014007091,0.0540000014007091,0.0540000014007091,0
2026-02-26 00:00:00,0.05400000140070915,0.05400000140070915,0.05400000140070915,0.05400000140070915,0
